TIME	X:1	R:1	Y:1	noise:1
0	0.02729	0.01708	0.09109	0.00179328
0.1	0.02729203	0.01707988	0.09109009	0.00173969
0.2	0.02729337	0.01707983	0.09109016	0.00181758
0.3	0.02729425	0.01707983	0.09109023	0.00161654
0.4	0.02729482	0.01707987	0.09109029	0.00182844
0.5	0.02729518	0.01707992	0.09109037	0.00169298
0.6	0.0272954	0.01707997	0.09109045	0.00176081
0.7	0.02729551	0.01708003	0.09109053	0.00164726
0.8	0.02729556	0.01708009	0.09109062	0.00178117
0.9	0.02729555	0.01708015	0.09109072	0.00182773
1	0.02729551	0.0170802	0.09109083	0.00176893
1.1	0.02729545	0.01708024	0.09109094	0.0017692
1.2	0.02729536	0.01708028	0.09109105	0.00154042
1.3	0.02729527	0.01708031	0.09109116	0.00168923
1.4	0.02729516	0.01708034	0.09109128	0.00186819
1.5	0.02729504	0.01708036	0.09109139	0.00181939
1.6	0.02729492	0.01708037	0.09109151	0.00179545
1.7	0.0272948	0.01708038	0.09109162	0.0016133
1.8	0.02729468	0.01708038	0.09109173	0.00168145
1.9	0.02729455	0.01708038	0.09109184	0.00173387
2	0.02729443	0.01708037	0.09109194	0.00168892
2.1	0.02729432	0.01708036	0.09109204	0.00171921
2.2	0.0272942	0.01708034	0.09109214	0.00175943
2.3	0.02729409	0.01708032	0.09109222	0.00173115
2.4	0.02729398	0.0170803	0.09109231	0.00168264
2.5	0.02729388	0.01708028	0.09109238	0.0018525
2.6	0.02729379	0.01708025	0.09109245	0.00164719
2.7	0.0272937	0.01708022	0.09109251	0.00166686
2.8	0.02729362	0.01708019	0.09109257	0.00180139
2.9	0.02729355	0.01708015	0.09109262	0.00172789
3	0.02729348	0.01708012	0.09109266	0.00173949
3.1	0.02729343	0.01708009	0.0910927	0.00160653
3.2	0.02729337	0.01708005	0.09109273	0.00160406
3.3	0.02729333	0.01708002	0.09109275	0.00184587
3.4	0.02729329	0.01707999	0.09109277	0.00175926
3.5	0.02729326	0.01707996	0.09109278	0.00186309
3.6	0.02729324	0.01707993	0.09109279	0.00186859
3.7	0.02729322	0.0170799	0.09109279	0.00161497
3.8	0.02729321	0.01707987	0.09109279	0.00180263
3.9	0.0272932	0.01707984	0.09109278	0.0017279
4	0.0272932	0.01707982	0.09109277	0.00161505
4.1	0.0272932	0.01707979	0.09109276	0.00165847
4.2	0.02729321	0.01707977	0.09109274	0.00177386
4.3	0.02729322	0.01707975	0.09109272	0.00154682
4.4	0.02729324	0.01707974	0.0910927	0.00164106
4.5	0.02729326	0.01707972	0.09109268	0.00186965
4.6	0.02729328	0.01707971	0.09109265	0.00165206
4.7	0.0272933	0.0170797	0.09109262	0.00181918
4.8	0.02729333	0.01707969	0.0910926	0.00161794
4.9	0.02729336	0.01707968	0.09109257	0.00176725
5	0.02729339	0.01707967	0.09109254	0.00174378
5.1	0.02729342	0.01707967	0.09109251	0.00183623
5.2	0.02729345	0.01707966	0.09109248	0.00183635
5.3	0.02729348	0.01707966	0.09109245	0.00180363
5.4	0.02729351	0.01707966	0.09109243	0.00186187
5.5	0.02729354	0.01707966	0.0910924	0.00169934
5.6	0.02729357	0.01707966	0.09109237	0.00168862
5.7	0.0272936	0.01707967	0.09109235	0.00184375
5.8	0.02729363	0.01707967	0.09109233	0.00157373
5.9	0.02729366	0.01707968	0.0910923	0.00160928
6	0.02729368	0.01707968	0.09109228	0.00179156
6.1	0.02729371	0.01707969	0.09109226	0.00187255
6.2	0.02729373	0.0170797	0.09109225	0.00174035
6.3	0.02729375	0.0170797	0.09109223	0.00183983
6.4	0.02729377	0.01707971	0.09109222	0.00175198
6.5	0.02729379	0.01707972	0.09109221	0.00174658
6.6	0.02729381	0.01707973	0.0910922	0.00154706
6.7	0.02729382	0.01707974	0.09109219	0.0016425
6.8	0.02729383	0.01707974	0.09109218	0.00175943
6.9	0.02729385	0.01707975	0.09109217	0.00154605
7	0.02729385	0.01707976	0.09109217	0.00175155
7.1	0.02729386	0.01707977	0.09109217	0.00177638
7.2	0.02729387	0.01707978	0.09109217	0.00163097
7.3	0.02729387	0.01707978	0.09109217	0.00164913
7.4	0.02729387	0.01707979	0.09109217	0.00177435
7.5	0.02729388	0.0170798	0.09109217	0.00165115
7.6	0.02729388	0.0170798	0.09109217	0.00164972
7.7	0.02729388	0.01707981	0.09109217	0.00160782
7.8	0.02729387	0.01707981	0.09109218	0.00161349
7.9	0.02729387	0.01707982	0.09109218	0.00184065
8	0.02729387	0.01707982	0.09109219	0.00181079
8.1	0.02729386	0.01707983	0.0910922	0.00164434
8.2	0.02729385	0.01707983	0.0910922	0.00158863
8.3	0.02729385	0.01707983	0.09109221	0.00184466
8.4	0.02729384	0.01707983	0.09109222	0.00168139
8.5	0.02729383	0.01707984	0.09109222	0.00166276
8.6	0.02729383	0.01707984	0.09109223	0.00158811
8.7	0.02729382	0.01707984	0.09109224	0.00172146
8.8	0.02729381	0.01707984	0.09109225	0.00184407
8.9	0.0272938	0.01707984	0.09109225	0.00185105
9	0.0272938	0.01707984	0.09109226	0.00161995
9.1	0.02729379	0.01707984	0.09109227	0.00182415
9.2	0.02729378	0.01707984	0.09109227	0.00187116
9.3	0.02729377	0.01707984	0.09109228	0.00173245
9.4	0.02729377	0.01707984	0.09109228	0.00183917
9.5	0.02729376	0.01707984	0.09109229	0.00166273
9.6	0.02729375	0.01707983	0.09109229	0.00186233
9.7	0.02729375	0.01707983	0.0910923	0.0016558
9.8	0.02729374	0.01707983	0.0910923	0.00171745
9.9	0.02729374	0.01707983	0.09109231	0.00160424
10	0.02729373	0.01707983	0.09109231	0.00172502
10.1	0.02729373	0.01707983	0.09109231	0.00179055
10.2	0.02729372	0.01707982	0.09109232	0.00156588
10.3	0.02729372	0.01707982	0.09109232	0.00162059
10.4	0.02729372	0.01707982	0.09109232	0.0015469
10.5	0.02729371	0.01707982	0.09109232	0.00167224
10.6	0.02729371	0.01707982	0.09109232	0.00162497
10.7	0.02729371	0.01707981	0.09109232	0.00172919
10.8	0.02729371	0.01707981	0.09109232	0.00162698
10.9	0.02729371	0.01707981	0.09109232	0.00184236
11	0.02729371	0.01707981	0.09109232	0.00155519
11.1	0.02729371	0.01707981	0.09109232	0.00177063
11.2	0.02729371	0.0170798	0.09109232	0.00184391
11.3	0.02729371	0.0170798	0.09109232	0.00164312
11.4	0.02729371	0.0170798	0.09109232	0.00165801
11.5	0.02729371	0.0170798	0.09109232	0.00175427
11.6	0.02729371	0.0170798	0.09109232	0.00174685
11.7	0.02729371	0.0170798	0.09109231	0.00166879
11.8	0.02729371	0.0170798	0.09109231	0.00183116
11.9	0.02729371	0.0170798	0.09109231	0.0016666
12	0.02729372	0.0170798	0.09109231	0.00184492
12.1	0.02729372	0.0170798	0.09109231	0.00162047
12.2	0.02729372	0.0170798	0.09109231	0.0017536
12.3	0.02729372	0.0170798	0.0910923	0.00166673
12.4	0.02729372	0.0170798	0.0910923	0.00185262
12.5	0.02729373	0.0170798	0.0910923	0.00173249
12.6	0.02729373	0.0170798	0.0910923	0.00164888
12.7	0.02729373	0.0170798	0.0910923	0.00158428
12.8	0.02729373	0.0170798	0.0910923	0.00182802
12.9	0.02729373	0.0170798	0.09109229	0.00163679
13	0.02729373	0.0170798	0.09109229	0.00170059
13.1	0.02729374	0.0170798	0.09109229	0.00164344
13.2	0.02729374	0.0170798	0.09109229	0.00168799
13.3	0.02729374	0.0170798	0.09109229	0.00184482
13.4	0.02729374	0.0170798	0.09109229	0.00154958
13.5	0.02729374	0.0170798	0.09109229	0.00187432
13.6	0.02729374	0.0170798	0.09109229	0.00182153
13.7	0.02729374	0.0170798	0.09109229	0.0016467
13.8	0.02729375	0.0170798	0.09109228	0.00162306
13.9	0.02729375	0.0170798	0.09109228	0.00158016
14	0.02729375	0.0170798	0.09109228	0.00160902
14.1	0.02729375	0.0170798	0.09109228	0.00163875
14.2	0.02729375	0.0170798	0.09109228	0.00170464
14.3	0.02729375	0.0170798	0.09109228	0.00157375
14.4	0.02729375	0.0170798	0.09109228	0.00160029
14.5	0.02729375	0.0170798	0.09109228	0.00156215
14.6	0.02729375	0.0170798	0.09109228	0.00169774
14.7	0.02729375	0.0170798	0.09109228	0.00179802
14.8	0.02729375	0.0170798	0.09109228	0.0016757
14.9	0.02729375	0.0170798	0.09109228	0.00162095
15	0.02729375	0.01707981	0.09109228	0.0018278
15.1	0.02729375	0.01707981	0.09109228	0.0016131
15.2	0.02729375	0.01707981	0.09109228	0.00158386
15.3	0.02729375	0.01707981	0.09109229	0.00167736
15.4	0.02729375	0.01707981	0.09109229	0.00155642
15.5	0.02729375	0.01707981	0.09109229	0.00164168
15.6	0.02729375	0.01707981	0.09109229	0.00160278
15.7	0.02729375	0.01707981	0.09109229	0.0016672
15.8	0.02729375	0.01707981	0.09109229	0.00175453
15.9	0.02729375	0.01707981	0.09109229	0.00160241
16	0.02729375	0.01707981	0.09109229	0.00181874
16.1	0.02729374	0.01707981	0.09109229	0.00169
16.2	0.02729374	0.01707981	0.09109229	0.00167928
16.3	0.02729374	0.01707981	0.09109229	0.00169097
16.4	0.02729374	0.01707981	0.09109229	0.00182623
16.5	0.02729374	0.01707981	0.09109229	0.00165812
16.6	0.02729374	0.01707981	0.09109229	0.00157835
16.7	0.02729374	0.01707981	0.09109229	0.00172536
16.8	0.02729374	0.01707981	0.09109229	0.00169165
16.9	0.02729374	0.01707981	0.09109229	0.00164914
17	0.02729374	0.01707981	0.09109229	0.00156976
17.1	0.02729374	0.01707981	0.09109229	0.00164381
17.2	0.02729374	0.01707981	0.09109229	0.00184218
17.3	0.02729374	0.01707981	0.09109229	0.00177868
17.4	0.02729374	0.01707981	0.09109229	0.00160038
17.5	0.02729374	0.01707981	0.09109229	0.00179908
17.6	0.02729374	0.01707981	0.09109229	0.00165516
17.7	0.02729374	0.01707981	0.09109229	0.00167029
17.8	0.02729374	0.01707981	0.09109229	0.00179902
17.9	0.02729374	0.01707981	0.09109229	0.00164184
18	0.02729374	0.0170798	0.09109229	0.0015402
18.1	0.02729374	0.0170798	0.09109229	0.00171281
18.2	0.02729374	0.0170798	0.09109229	0.00166512
18.3	0.02729374	0.0170798	0.09109229	0.00185519
18.4	0.02729374	0.0170798	0.09109229	0.00175615
18.5	0.02729374	0.0170798	0.09109229	0.00169847
18.6	0.02729374	0.0170798	0.09109229	0.00163638
18.7	0.02729374	0.0170798	0.09109229	0.00182931
18.8	0.02729374	0.0170798	0.09109229	0.00168793
18.9	0.02729374	0.0170798	0.09109229	0.00172215
19	0.02729374	0.0170798	0.09109229	0.00184653
19.1	0.02729374	0.0170798	0.09109229	0.00176543
19.2	0.02729374	0.0170798	0.09109229	0.00166402
19.3	0.02729374	0.0170798	0.09109229	0.00157552
19.4	0.02729374	0.0170798	0.09109229	0.00174498
19.5	0.02729374	0.0170798	0.09109229	0.00176791
19.6	0.02729374	0.0170798	0.09109229	0.00177368
19.7	0.02729374	0.0170798	0.09109229	0.00176594
19.8	0.02729374	0.0170798	0.09109229	0.00166632
19.9	0.02729374	0.0170798	0.09109229	0.00187609
20	0.02729374	0.0170798	0.09109229	0.00177184
20.1	0.02729374	0.0170798	0.09109229	0.0016678
20.2	0.02729374	0.0170798	0.09109229	0.0016094
20.3	0.02729374	0.0170798	0.09109229	0.00167161
20.4	0.02729374	0.0170798	0.09109229	0.00161187
20.5	0.02729374	0.0170798	0.09109229	0.00165109
20.6	0.02729374	0.0170798	0.09109229	0.00153735
20.7	0.02729374	0.0170798	0.09109229	0.00160354
20.8	0.02729374	0.0170798	0.09109229	0.00167459
20.9	0.02729374	0.0170798	0.09109229	0.00159658
21	0.02729374	0.0170798	0.09109229	0.00181281
21.1	0.02729374	0.0170798	0.09109229	0.00154422
21.2	0.02729374	0.0170798	0.09109229	0.00176732
21.3	0.02729374	0.0170798	0.09109229	0.00165323
21.4	0.02729374	0.0170798	0.09109229	0.00177928
21.5	0.02729374	0.0170798	0.09109229	0.00163416
21.6	0.02729374	0.0170798	0.09109229	0.00155333
21.7	0.02729374	0.0170798	0.09109229	0.00173955
21.8	0.02729374	0.0170798	0.09109229	0.00164208
21.9	0.02729374	0.0170798	0.09109229	0.00181256
22	0.02729374	0.0170798	0.09109229	0.00156528
22.1	0.02729374	0.0170798	0.09109229	0.00179807
22.2	0.02729374	0.0170798	0.09109229	0.00184695
22.3	0.02729374	0.0170798	0.09109229	0.0015569
22.4	0.02729374	0.0170798	0.09109229	0.00172176
22.5	0.02729374	0.0170798	0.09109229	0.00177898
22.6	0.02729374	0.0170798	0.09109229	0.00181047
22.7	0.02729374	0.0170798	0.09109229	0.00183817
22.8	0.02729374	0.0170798	0.09109229	0.0015412
22.9	0.02729374	0.0170798	0.09109229	0.00172538
23	0.02729374	0.0170798	0.09109229	0.00176145
23.1	0.02729374	0.0170798	0.09109229	0.00154747
23.2	0.02729374	0.0170798	0.09109229	0.00183747
23.3	0.02729374	0.0170798	0.09109229	0.00164871
23.4	0.02729374	0.0170798	0.09109229	0.00166747
23.5	0.02729374	0.0170798	0.09109229	0.00162293
23.6	0.02729374	0.0170798	0.09109229	0.00180195
23.7	0.02729374	0.0170798	0.09109229	0.00175739
23.8	0.02729374	0.0170798	0.09109229	0.00184189
23.9	0.02729374	0.0170798	0.09109229	0.00169965
24	0.02729374	0.0170798	0.09109229	0.00180522
24.1	0.02729374	0.0170798	0.09109229	0.00184049
24.2	0.02729374	0.0170798	0.09109229	0.00166076
24.3	0.02729374	0.0170798	0.09109229	0.00172196
24.4	0.02729374	0.0170798	0.09109229	0.00178806
24.5	0.02729374	0.0170798	0.09109229	0.00162904
24.6	0.02729374	0.0170798	0.09109229	0.00173235
24.7	0.02729374	0.0170798	0.09109229	0.00177374
24.8	0.02729374	0.0170798	0.09109229	0.00153977
24.9	0.02729374	0.0170798	0.09109229	0.00185488
25	0.02729374	0.0170798	0.09109229	0.00154682
25.1	0.02729374	0.0170798	0.09109229	0.00183206
25.2	0.02729374	0.0170798	0.09109229	0.00183129
25.3	0.02729374	0.0170798	0.09109229	0.00163375
25.4	0.02729374	0.0170798	0.09109229	0.00175144
25.5	0.02729374	0.0170798	0.09109229	0.00180318
25.6	0.02729374	0.0170798	0.09109229	0.00171653
25.7	0.02729374	0.0170798	0.09109229	0.00162465
25.8	0.02729374	0.0170798	0.09109229	0.00174439
25.9	0.02729374	0.0170798	0.09109229	0.00163933
26	0.02729374	0.0170798	0.09109229	0.00175116
26.1	0.02729374	0.0170798	0.09109229	0.00174517
26.2	0.02729374	0.0170798	0.09109229	0.00165228
26.3	0.02729374	0.0170798	0.09109229	0.00174315
26.4	0.02729374	0.0170798	0.09109229	0.00167965
26.5	0.02729374	0.0170798	0.09109229	0.00183868
26.6	0.02729374	0.0170798	0.09109229	0.00177596
26.7	0.02729374	0.0170798	0.09109229	0.00155552
26.8	0.02729374	0.0170798	0.09109229	0.0018171
26.9	0.02729374	0.0170798	0.09109229	0.00153984
27	0.02729374	0.0170798	0.09109229	0.00176052
27.1	0.02729374	0.0170798	0.09109229	0.00167417
27.2	0.02729374	0.0170798	0.09109229	0.00184408
27.3	0.02729374	0.0170798	0.09109229	0.00160396
27.4	0.02729374	0.0170798	0.09109229	0.00176724
27.5	0.02729374	0.0170798	0.09109229	0.00157178
27.6	0.02729374	0.0170798	0.09109229	0.00186863
27.7	0.02729374	0.0170798	0.09109229	0.00162536
27.8	0.02729374	0.0170798	0.09109229	0.0018185
27.9	0.02729374	0.0170798	0.09109229	0.00155538
28	0.02729374	0.0170798	0.09109229	0.00158217
28.1	0.02729374	0.0170798	0.09109229	0.00169526
28.2	0.02729374	0.0170798	0.09109229	0.00176908
28.3	0.02729374	0.0170798	0.09109229	0.00168762
28.4	0.02729374	0.0170798	0.09109229	0.00186015
28.5	0.02729374	0.0170798	0.09109229	0.00178434
28.6	0.02729374	0.0170798	0.09109229	0.00162933
28.7	0.02729374	0.0170798	0.09109229	0.00183905
28.8	0.02729374	0.0170798	0.09109229	0.00174113
28.9	0.02729374	0.0170798	0.09109229	0.00179965
29	0.02729374	0.0170798	0.09109229	0.00184349
29.1	0.02729374	0.0170798	0.09109229	0.00179381
29.2	0.02729374	0.0170798	0.09109229	0.00155076
29.3	0.02729374	0.0170798	0.09109229	0.0018335
29.4	0.02729374	0.0170798	0.09109229	0.00185042
29.5	0.02729374	0.0170798	0.09109229	0.00161781
29.6	0.02729374	0.0170798	0.09109229	0.00169918
29.7	0.02729374	0.0170798	0.09109229	0.00180693
29.8	0.02729374	0.0170798	0.09109229	0.00170715
29.9	0.02729374	0.0170798	0.09109229	0.0017774
30	0.02729374	0.0170798	0.09109229	0.0018654
30.1	0.02729374	0.0170798	0.09109229	0.00182964
30.2	0.02729374	0.0170798	0.09109229	0.00182536
30.3	0.02729374	0.0170798	0.09109229	0.00181909
30.4	0.02729374	0.0170798	0.09109229	0.00155162
30.5	0.02729374	0.0170798	0.09109229	0.00163563
30.6	0.02729374	0.0170798	0.09109229	0.00172621
30.7	0.02729374	0.0170798	0.09109229	0.00159279
30.8	0.02729374	0.0170798	0.09109229	0.00186384
30.9	0.02729374	0.0170798	0.09109229	0.00166861
31	0.02729374	0.0170798	0.09109229	0.00176649
31.1	0.02729374	0.0170798	0.09109229	0.00165357
31.2	0.02729374	0.0170798	0.09109229	0.00176101
31.3	0.02729374	0.0170798	0.09109229	0.00176064
31.4	0.02729374	0.0170798	0.09109229	0.00173954
31.5	0.02729374	0.0170798	0.09109229	0.00178741
31.6	0.02729374	0.0170798	0.09109229	0.0018329
31.7	0.02729374	0.0170798	0.09109229	0.00160411
31.8	0.02729374	0.0170798	0.09109229	0.0017445
31.9	0.02729374	0.0170798	0.09109229	0.00183866
32	0.02729374	0.0170798	0.09109229	0.00187708
32.1	0.02729374	0.0170798	0.09109229	0.00169571
32.2	0.02729374	0.0170798	0.09109229	0.00167106
32.3	0.02729374	0.0170798	0.09109229	0.00171107
32.4	0.02729374	0.0170798	0.09109229	0.00155893
32.5	0.02729374	0.0170798	0.09109229	0.00177148
32.6	0.02729374	0.0170798	0.09109229	0.00174045
32.7	0.02729374	0.0170798	0.09109229	0.00185004
32.8	0.02729374	0.0170798	0.09109229	0.00181554
32.9	0.02729374	0.0170798	0.09109229	0.00156234
33	0.02729374	0.0170798	0.09109229	0.00165563
33.1	0.02729374	0.0170798	0.09109229	0.00187749
33.2	0.02729374	0.0170798	0.09109229	0.00159873
33.3	0.02729374	0.0170798	0.09109229	0.00182985
33.4	0.02729374	0.0170798	0.09109229	0.00162613
33.5	0.02729374	0.0170798	0.09109229	0.00186423
33.6	0.02729374	0.0170798	0.09109229	0.00154992
33.7	0.02729374	0.0170798	0.09109229	0.00181513
33.8	0.02729374	0.0170798	0.09109229	0.00175329
33.9	0.02729374	0.0170798	0.09109229	0.00169626
34	0.02729374	0.0170798	0.09109229	0.00167853
34.1	0.02729374	0.0170798	0.09109229	0.0017898
34.2	0.02729374	0.0170798	0.09109229	0.00182586
34.3	0.02729374	0.0170798	0.09109229	0.00187192
34.4	0.02729374	0.0170798	0.09109229	0.00179911
34.5	0.02729374	0.0170798	0.09109229	0.00168055
34.6	0.02729374	0.0170798	0.09109229	0.00166794
34.7	0.02729374	0.0170798	0.09109229	0.00187471
34.8	0.02729374	0.0170798	0.09109229	0.00156119
34.9	0.02729374	0.0170798	0.09109229	0.00160098
35	0.02729374	0.0170798	0.09109229	0.00168183
35.1	0.02729374	0.0170798	0.09109229	0.00176974
35.2	0.02729374	0.0170798	0.09109229	0.00159482
35.3	0.02729374	0.0170798	0.09109229	0.00171296
35.4	0.02729374	0.0170798	0.09109229	0.00171376
35.5	0.02729374	0.0170798	0.09109229	0.00178756
35.6	0.02729374	0.0170798	0.09109229	0.00154907
35.7	0.02729374	0.0170798	0.09109229	0.00186982
35.8	0.02729374	0.0170798	0.09109229	0.0015856
35.9	0.02729374	0.0170798	0.09109229	0.00175524
36	0.02729374	0.0170798	0.09109229	0.00160123
36.1	0.02729374	0.0170798	0.09109229	0.00154103
36.2	0.02729374	0.0170798	0.09109229	0.00163744
36.3	0.02729374	0.0170798	0.09109229	0.00180019
36.4	0.02729374	0.0170798	0.09109229	0.00172559
36.5	0.02729374	0.0170798	0.09109229	0.00182998
36.6	0.02729374	0.0170798	0.09109229	0.00179818
36.7	0.02729374	0.0170798	0.09109229	0.0017601
36.8	0.02729374	0.0170798	0.09109229	0.00155002
36.9	0.02729374	0.0170798	0.09109229	0.00166762
37	0.02729374	0.0170798	0.09109229	0.00175468
37.1	0.02729374	0.0170798	0.09109229	0.00157366
37.2	0.02729374	0.0170798	0.09109229	0.00182659
37.3	0.02729374	0.0170798	0.09109229	0.00171923
37.4	0.02729374	0.0170798	0.09109229	0.00170623
37.5	0.02729374	0.0170798	0.09109229	0.00183715
37.6	0.02729374	0.0170798	0.09109229	0.00168666
37.7	0.02729374	0.0170798	0.09109229	0.00174978
37.8	0.02729374	0.0170798	0.09109229	0.00156056
37.9	0.02729374	0.0170798	0.09109229	0.00176189
38	0.02729374	0.0170798	0.09109229	0.00158386
38.1	0.02729374	0.0170798	0.09109229	0.00158162
38.2	0.02729374	0.0170798	0.09109229	0.00183802
38.3	0.02729374	0.0170798	0.09109229	0.00178024
38.4	0.02729374	0.0170798	0.09109229	0.00187185
38.5	0.02729374	0.0170798	0.09109229	0.00179128
38.6	0.02729374	0.0170798	0.09109229	0.00162397
38.7	0.02729374	0.0170798	0.09109229	0.00167956
38.8	0.02729374	0.0170798	0.09109229	0.00164614
38.9	0.02729374	0.0170798	0.09109229	0.00161214
39	0.02729374	0.0170798	0.09109229	0.00169162
39.1	0.02729374	0.0170798	0.09109229	0.00167562
39.2	0.02729374	0.0170798	0.09109229	0.00183289
39.3	0.02729374	0.0170798	0.09109229	0.00164781
39.4	0.02729374	0.0170798	0.09109229	0.00180382
39.5	0.02729374	0.0170798	0.09109229	0.00178197
39.6	0.02729374	0.0170798	0.09109229	0.00155679
39.7	0.02729374	0.0170798	0.09109229	0.00174695
39.8	0.02729374	0.0170798	0.09109229	0.00158519
39.9	0.02729374	0.0170798	0.09109229	0.00167064
40	0.02729374	0.0170798	0.09109229	0.0018787
40.1	0.02729374	0.0170798	0.09109229	0.00157356
40.2	0.02729374	0.0170798	0.09109229	0.00181759
40.3	0.02729374	0.0170798	0.09109229	0.00162596
40.4	0.02729374	0.0170798	0.09109229	0.00178116
40.5	0.02729374	0.0170798	0.09109229	0.00153981
40.6	0.02729374	0.0170798	0.09109229	0.00161834
40.7	0.02729374	0.0170798	0.09109229	0.0016564
40.8	0.02729374	0.0170798	0.09109229	0.001548
40.9	0.02729374	0.0170798	0.09109229	0.00174377
41	0.02729374	0.0170798	0.09109229	0.0018353
41.1	0.02729374	0.0170798	0.09109229	0.0016225
41.2	0.02729374	0.0170798	0.09109229	0.00167867
41.3	0.02729374	0.0170798	0.09109229	0.00157288
41.4	0.02729374	0.0170798	0.09109229	0.00177127
41.5	0.02729374	0.0170798	0.09109229	0.00166517
41.6	0.02729374	0.0170798	0.09109229	0.00169233
41.7	0.02729374	0.0170798	0.09109229	0.00163079
41.8	0.02729374	0.0170798	0.09109229	0.00181193
41.9	0.02729374	0.0170798	0.09109229	0.00169434
42	0.02729374	0.0170798	0.09109229	0.00186951
42.1	0.02729374	0.0170798	0.09109229	0.00170295
42.2	0.02729374	0.0170798	0.09109229	0.00170491
42.3	0.02729374	0.0170798	0.09109229	0.00158321
42.4	0.02729374	0.0170798	0.09109229	0.00171906
42.5	0.02729374	0.0170798	0.09109229	0.0017805
42.6	0.02729374	0.0170798	0.09109229	0.00175339
42.7	0.02729374	0.0170798	0.09109229	0.00160588
42.8	0.02729374	0.0170798	0.09109229	0.00167266
42.9	0.02729374	0.0170798	0.09109229	0.00157753
43	0.02729374	0.0170798	0.09109229	0.00178946
43.1	0.02729374	0.0170798	0.09109229	0.00173912
43.2	0.02729374	0.0170798	0.09109229	0.00154841
43.3	0.02729374	0.0170798	0.09109229	0.00169953
43.4	0.02729374	0.0170798	0.09109229	0.00168932
43.5	0.02729374	0.0170798	0.09109229	0.00156737
43.6	0.02729374	0.0170798	0.09109229	0.00154646
43.7	0.02729374	0.0170798	0.09109229	0.00177161
43.8	0.02729374	0.0170798	0.09109229	0.00175366
43.9	0.02729374	0.0170798	0.09109229	0.00177379
44	0.02729374	0.0170798	0.09109229	0.00162421
44.1	0.02729374	0.0170798	0.09109229	0.00164844
44.2	0.02729374	0.0170798	0.09109229	0.00169138
44.3	0.02729374	0.0170798	0.09109229	0.00184812
44.4	0.02729374	0.0170798	0.09109229	0.00165544
44.5	0.02729374	0.0170798	0.09109229	0.00181415
44.6	0.02729374	0.0170798	0.09109229	0.00169536
44.7	0.02729374	0.0170798	0.09109229	0.00174286
44.8	0.02729374	0.0170798	0.09109229	0.00173408
44.9	0.02729374	0.0170798	0.09109229	0.00185251
45	0.02729374	0.0170798	0.09109229	0.00158227
45.1	0.02729374	0.0170798	0.09109229	0.00162148
45.2	0.02729374	0.0170798	0.09109229	0.00159653
45.3	0.02729374	0.0170798	0.09109229	0.00164777
45.4	0.02729374	0.0170798	0.09109229	0.00180945
45.5	0.02729374	0.0170798	0.09109229	0.00185673
45.6	0.02729374	0.0170798	0.09109229	0.00160084
45.7	0.02729374	0.0170798	0.09109229	0.00173953
45.8	0.02729374	0.0170798	0.09109229	0.00183218
45.9	0.02729374	0.0170798	0.09109229	0.00158138
46	0.02729374	0.0170798	0.09109229	0.0017944
46.1	0.02729374	0.0170798	0.09109229	0.00181213
46.2	0.02729374	0.0170798	0.09109229	0.00173633
46.3	0.02729374	0.0170798	0.09109229	0.00165798
46.4	0.02729374	0.0170798	0.09109229	0.00173326
46.5	0.02729374	0.0170798	0.09109229	0.00156712
46.6	0.02729374	0.0170798	0.09109229	0.00172827
46.7	0.02729374	0.0170798	0.09109229	0.00162172
46.8	0.02729374	0.0170798	0.09109229	0.00181118
46.9	0.02729374	0.0170798	0.09109229	0.00182083
47	0.02729374	0.0170798	0.09109229	0.0016187
47.1	0.02729374	0.0170798	0.09109229	0.00181002
47.2	0.02729374	0.0170798	0.09109229	0.00160147
47.3	0.02729374	0.0170798	0.09109229	0.00166353
47.4	0.02729374	0.0170798	0.09109229	0.00156821
47.5	0.02729374	0.0170798	0.09109229	0.00160083
47.6	0.02729374	0.0170798	0.09109229	0.00182349
47.7	0.02729374	0.0170798	0.09109229	0.0017741
47.8	0.02729374	0.0170798	0.09109229	0.00182295
47.9	0.02729374	0.0170798	0.09109229	0.00187823
48	0.02729374	0.0170798	0.09109229	0.00187354
48.1	0.02729374	0.0170798	0.09109229	0.00158923
48.2	0.02729374	0.0170798	0.09109229	0.00165974
48.3	0.02729374	0.0170798	0.09109229	0.00165857
48.4	0.02729374	0.0170798	0.09109229	0.00175014
48.5	0.02729374	0.0170798	0.09109229	0.00158663
48.6	0.02729374	0.0170798	0.09109229	0.00181642
48.7	0.02729374	0.0170798	0.09109229	0.00177464
48.8	0.02729374	0.0170798	0.09109229	0.00172272
48.9	0.02729374	0.0170798	0.09109229	0.00180341
49	0.02729374	0.0170798	0.09109229	0.00154614
49.1	0.02729374	0.0170798	0.09109229	0.00168037
49.2	0.02729374	0.0170798	0.09109229	0.00167368
49.3	0.02729374	0.0170798	0.09109229	0.00172583
49.4	0.02729374	0.0170798	0.09109229	0.00177288
49.5	0.02729374	0.0170798	0.09109229	0.00178113
49.6	0.02729374	0.0170798	0.09109229	0.00159316
49.7	0.02729374	0.0170798	0.09109229	0.00182381
49.8	0.02729374	0.0170798	0.09109229	0.00162929
49.9	0.02729374	0.0170798	0.09109229	0.0017598
50	0.02729374	0.0170798	0.09109229	0.00175868
50.1	0.02729374	0.0170798	0.09109229	0.00172745
50.2	0.02729374	0.0170798	0.09109229	0.00182579
50.3	0.02729374	0.0170798	0.09109229	0.00184717
50.4	0.02729374	0.0170798	0.09109229	0.00175383
50.5	0.02729374	0.0170798	0.09109229	0.00186632
50.6	0.02729374	0.0170798	0.09109229	0.00162761
50.7	0.02729374	0.0170798	0.09109229	0.00166162
50.8	0.02729374	0.0170798	0.09109229	0.00154871
50.9	0.02729374	0.0170798	0.09109229	0.0017596
51	0.02729374	0.0170798	0.09109229	0.00170388
51.1	0.02729374	0.0170798	0.09109229	0.00175015
51.2	0.02729374	0.0170798	0.09109229	0.00164051
51.3	0.02729374	0.0170798	0.09109229	0.00166054
51.4	0.02729374	0.0170798	0.09109229	0.0017045
51.5	0.02729374	0.0170798	0.09109229	0.00163938
51.6	0.02729374	0.0170798	0.09109229	0.00154854
51.7	0.02729374	0.0170798	0.09109229	0.00166774
51.8	0.02729374	0.0170798	0.09109229	0.00170411
51.9	0.02729374	0.0170798	0.09109229	0.00162692
52	0.02729374	0.0170798	0.09109229	0.00167505
52.1	0.02729374	0.0170798	0.09109229	0.00161006
52.2	0.02729374	0.0170798	0.09109229	0.00160606
52.3	0.02729374	0.0170798	0.09109229	0.00163496
52.4	0.02729374	0.0170798	0.09109229	0.00159069
52.5	0.02729374	0.0170798	0.09109229	0.00181266
52.6	0.02729374	0.0170798	0.09109229	0.00155424
52.7	0.02729374	0.0170798	0.09109229	0.00176708
52.8	0.02729374	0.0170798	0.09109229	0.00166452
52.9	0.02729374	0.0170798	0.09109229	0.00156965
53	0.02729374	0.0170798	0.09109229	0.00166048
53.1	0.02729374	0.0170798	0.09109229	0.00162791
53.2	0.02729374	0.0170798	0.09109229	0.00155532
53.3	0.02729374	0.0170798	0.09109229	0.00172902
53.4	0.02729374	0.0170798	0.09109229	0.00162543
53.5	0.02729374	0.0170798	0.09109229	0.00177012
53.6	0.02729374	0.0170798	0.09109229	0.0016766
53.7	0.02729374	0.0170798	0.09109229	0.00172632
53.8	0.02729374	0.0170798	0.09109229	0.00169302
53.9	0.02729374	0.0170798	0.09109229	0.00158148
54	0.02729374	0.0170798	0.09109229	0.00155579
54.1	0.02729374	0.0170798	0.09109229	0.00184377
54.2	0.02729374	0.0170798	0.09109229	0.0015413
54.3	0.02729374	0.0170798	0.09109229	0.00162297
54.4	0.02729374	0.0170798	0.09109229	0.0015428
54.5	0.02729374	0.0170798	0.09109229	0.0017193
54.6	0.02729374	0.0170798	0.09109229	0.00182858
54.7	0.02729374	0.0170798	0.09109229	0.00167416
54.8	0.02729374	0.0170798	0.09109229	0.00159813
54.9	0.02729374	0.0170798	0.09109229	0.00157817
55	0.02729374	0.0170798	0.09109229	0.00166144
55.1	0.02729374	0.0170798	0.09109229	0.0017911
55.2	0.02729374	0.0170798	0.09109229	0.00167148
55.3	0.02729374	0.0170798	0.09109229	0.00163515
55.4	0.02729374	0.0170798	0.09109229	0.0016502
55.5	0.02729374	0.0170798	0.09109229	0.0016239
55.6	0.02729374	0.0170798	0.09109229	0.00154157
55.7	0.02729374	0.0170798	0.09109229	0.00157517
55.8	0.02729374	0.0170798	0.09109229	0.00162714
55.9	0.02729374	0.0170798	0.09109229	0.00179554
56	0.02729374	0.0170798	0.09109229	0.00178924
56.1	0.02729374	0.0170798	0.09109229	0.00175341
56.2	0.02729374	0.0170798	0.09109229	0.00186374
56.3	0.02729374	0.0170798	0.09109229	0.00167976
56.4	0.02729374	0.0170798	0.09109229	0.00167018
56.5	0.02729374	0.0170798	0.09109229	0.00154337
56.6	0.02729374	0.0170798	0.09109229	0.00157121
56.7	0.02729374	0.0170798	0.09109229	0.00185615
56.8	0.02729374	0.0170798	0.09109229	0.00161556
56.9	0.02729374	0.0170798	0.09109229	0.00156431
57	0.02729374	0.0170798	0.09109229	0.00165601
57.1	0.02729374	0.0170798	0.09109229	0.00179248
57.2	0.02729374	0.0170798	0.09109229	0.00158299
57.3	0.02729374	0.0170798	0.09109229	0.00156399
57.4	0.02729374	0.0170798	0.09109229	0.00184814
57.5	0.02729374	0.0170798	0.09109229	0.00173717
57.6	0.02729374	0.0170798	0.09109229	0.00173105
57.7	0.02729374	0.0170798	0.09109229	0.00155618
57.8	0.02729374	0.0170798	0.09109229	0.00185
57.9	0.02729374	0.0170798	0.09109229	0.00161008
58	0.02729374	0.0170798	0.09109229	0.00155637
58.1	0.02729374	0.0170798	0.09109229	0.00174142
58.2	0.02729374	0.0170798	0.09109229	0.00164577
58.3	0.02729374	0.0170798	0.09109229	0.00180137
58.4	0.02729374	0.0170798	0.09109229	0.0015473
58.5	0.02729374	0.0170798	0.09109229	0.00183467
58.6	0.02729374	0.0170798	0.09109229	0.00163773
58.7	0.02729374	0.0170798	0.09109229	0.00183423
58.8	0.02729374	0.0170798	0.09109229	0.00182969
58.9	0.02729374	0.0170798	0.09109229	0.00170297
59	0.02729374	0.0170798	0.09109229	0.00157857
59.1	0.02729374	0.0170798	0.09109229	0.00185498
59.2	0.02729374	0.0170798	0.09109229	0.00153962
59.3	0.02729374	0.0170798	0.09109229	0.00181562
59.4	0.02729374	0.0170798	0.09109229	0.0017615
59.5	0.02729374	0.0170798	0.09109229	0.00183618
59.6	0.02729374	0.0170798	0.09109229	0.00183965
59.7	0.02729374	0.0170798	0.09109229	0.00183138
59.8	0.02729374	0.0170798	0.09109229	0.00171962
59.9	0.02729374	0.0170798	0.09109229	0.00183124
60	0.02729374	0.0170798	0.09109229	0.00173962
60.1	0.02729374	0.0170798	0.09109229	0.00181091
60.2	0.02729374	0.0170798	0.09109229	0.00172993
60.3	0.02729374	0.0170798	0.09109229	0.00187337
60.4	0.02729374	0.0170798	0.09109229	0.00174902
60.5	0.02729374	0.0170798	0.09109229	0.00182161
60.6	0.02729374	0.0170798	0.09109229	0.00174321
60.7	0.02729374	0.0170798	0.09109229	0.00177653
60.8	0.02729374	0.0170798	0.09109229	0.00166337
60.9	0.02729374	0.0170798	0.09109229	0.00183048
61	0.02729374	0.0170798	0.09109229	0.00169813
61.1	0.02729374	0.0170798	0.09109229	0.00171933
61.2	0.02729374	0.0170798	0.09109229	0.00187794
61.3	0.02729374	0.0170798	0.09109229	0.00163204
61.4	0.02729374	0.0170798	0.09109229	0.00177776
61.5	0.02729374	0.0170798	0.09109229	0.00168473
61.6	0.02729374	0.0170798	0.09109229	0.00185993
61.7	0.02729374	0.0170798	0.09109229	0.00164213
61.8	0.02729374	0.0170798	0.09109229	0.00176485
61.9	0.02729374	0.0170798	0.09109229	0.00179192
62	0.02729374	0.0170798	0.09109229	0.00186427
62.1	0.02729374	0.0170798	0.09109229	0.0016082
62.2	0.02729374	0.0170798	0.09109229	0.00156211
62.3	0.02729374	0.0170798	0.09109229	0.00169168
62.4	0.02729374	0.0170798	0.09109229	0.00160729
62.5	0.02729374	0.0170798	0.09109229	0.00155264
62.6	0.02729374	0.0170798	0.09109229	0.00165437
62.7	0.02729374	0.0170798	0.09109229	0.00174569
62.8	0.02729374	0.0170798	0.09109229	0.00184773
62.9	0.02729374	0.0170798	0.09109229	0.00156596
63	0.02729374	0.0170798	0.09109229	0.00156296
63.1	0.02729374	0.0170798	0.09109229	0.00175227
63.2	0.02729374	0.0170798	0.09109229	0.00178393
63.3	0.02729374	0.0170798	0.09109229	0.00174273
63.4	0.02729374	0.0170798	0.09109229	0.00171653
63.5	0.02729374	0.0170798	0.09109229	0.00161789
63.6	0.02729374	0.0170798	0.09109229	0.00181811
63.7	0.02729374	0.0170798	0.09109229	0.00158551
63.8	0.02729374	0.0170798	0.09109229	0.00184976
63.9	0.02729374	0.0170798	0.09109229	0.00158303
64	0.02729374	0.0170798	0.09109229	0.00154521
64.1	0.02729374	0.0170798	0.09109229	0.00166615
64.2	0.02729374	0.0170798	0.09109229	0.0018711
64.3	0.02729374	0.0170798	0.09109229	0.0016468
64.4	0.02729374	0.0170798	0.09109229	0.00158683
64.5	0.02729374	0.0170798	0.09109229	0.00187553
64.6	0.02729374	0.0170798	0.09109229	0.00161221
64.7	0.02729374	0.0170798	0.09109229	0.00167603
64.8	0.02729374	0.0170798	0.09109229	0.001559
64.9	0.02729374	0.0170798	0.09109229	0.00169391
65	0.02729374	0.0170798	0.09109229	0.00171494
65.1	0.02729374	0.0170798	0.09109229	0.00173214
65.2	0.02729374	0.0170798	0.09109229	0.00168351
65.3	0.02729374	0.0170798	0.09109229	0.00169148
65.4	0.02729374	0.0170798	0.09109229	0.00186296
65.5	0.02729374	0.0170798	0.09109229	0.00174483
65.6	0.02729374	0.0170798	0.09109229	0.00182363
65.7	0.02729374	0.0170798	0.09109229	0.00158468
65.8	0.02729374	0.0170798	0.09109229	0.00182446
65.9	0.02729374	0.0170798	0.09109229	0.00170209
66	0.02729374	0.0170798	0.09109229	0.00186449
66.1	0.02729374	0.0170798	0.09109229	0.00182145
66.2	0.02729374	0.0170798	0.09109229	0.00167276
66.3	0.02729374	0.0170798	0.09109229	0.00186943
66.4	0.02729374	0.0170798	0.09109229	0.00174768
66.5	0.02729374	0.0170798	0.09109229	0.00166257
66.6	0.02729374	0.0170798	0.09109229	0.00167704
66.7	0.02729374	0.0170798	0.09109229	0.0017976
66.8	0.02729374	0.0170798	0.09109229	0.00178468
66.9	0.02729374	0.0170798	0.09109229	0.0018581
67	0.02729374	0.0170798	0.09109229	0.00186111
67.1	0.02729374	0.0170798	0.09109229	0.00186292
67.2	0.02729374	0.0170798	0.09109229	0.0018271
67.3	0.02729374	0.0170798	0.09109229	0.0016618
67.4	0.02729374	0.0170798	0.09109229	0.00187697
67.5	0.02729374	0.0170798	0.09109229	0.00183094
67.6	0.02729374	0.0170798	0.09109229	0.0015609
67.7	0.02729374	0.0170798	0.09109229	0.00185593
67.8	0.02729374	0.0170798	0.09109229	0.00186843
67.9	0.02729374	0.0170798	0.09109229	0.00177122
68	0.02729374	0.0170798	0.09109229	0.00183235
68.1	0.02729374	0.0170798	0.09109229	0.00154269
68.2	0.02729374	0.0170798	0.09109229	0.00160347
68.3	0.02729374	0.0170798	0.09109229	0.0015435
68.4	0.02729374	0.0170798	0.09109229	0.00169128
68.5	0.02729374	0.0170798	0.09109229	0.00182858
68.6	0.02729374	0.0170798	0.09109229	0.00165073
68.7	0.02729374	0.0170798	0.09109229	0.00162975
68.8	0.02729374	0.0170798	0.09109229	0.00155691
68.9	0.02729374	0.0170798	0.09109229	0.00159871
69	0.02729374	0.0170798	0.09109229	0.00181822
69.1	0.02729374	0.0170798	0.09109229	0.00167043
69.2	0.02729374	0.0170798	0.09109229	0.00167522
69.3	0.02729374	0.0170798	0.09109229	0.00156759
69.4	0.02729374	0.0170798	0.09109229	0.00160474
69.5	0.02729374	0.0170798	0.09109229	0.00170135
69.6	0.02729374	0.0170798	0.09109229	0.00154093
69.7	0.02729374	0.0170798	0.09109229	0.00167875
69.8	0.02729374	0.0170798	0.09109229	0.00186007
69.9	0.02729374	0.0170798	0.09109229	0.00184247
70	0.02729374	0.0170798	0.09109229	0.00182413
70.1	0.02729374	0.0170798	0.09109229	0.00184124
70.2	0.02729374	0.0170798	0.09109229	0.00173078
70.3	0.02729374	0.0170798	0.09109229	0.00166278
70.4	0.02729374	0.0170798	0.09109229	0.00173265
70.5	0.02729374	0.0170798	0.09109229	0.00156772
70.6	0.02729374	0.0170798	0.09109229	0.00175477
70.7	0.02729374	0.0170798	0.09109229	0.00174442
70.8	0.02729374	0.0170798	0.09109229	0.00183793
70.9	0.02729374	0.0170798	0.09109229	0.00176814
71	0.02729374	0.0170798	0.09109229	0.00169621
71.1	0.02729374	0.0170798	0.09109229	0.00171885
71.2	0.02729374	0.0170798	0.09109229	0.00184651
71.3	0.02729374	0.0170798	0.09109229	0.00159555
71.4	0.02729374	0.0170798	0.09109229	0.00180229
71.5	0.02729374	0.0170798	0.09109229	0.00184844
71.6	0.02729374	0.0170798	0.09109229	0.00173401
71.7	0.02729374	0.0170798	0.09109229	0.0017517
71.8	0.02729374	0.0170798	0.09109229	0.00175286
71.9	0.02729374	0.0170798	0.09109229	0.00169179
72	0.02729374	0.0170798	0.09109229	0.00183385
72.1	0.02729374	0.0170798	0.09109229	0.00180131
72.2	0.02729374	0.0170798	0.09109229	0.00172651
72.3	0.02729374	0.0170798	0.09109229	0.00180807
72.4	0.02729374	0.0170798	0.09109229	0.00162079
72.5	0.02729374	0.0170798	0.09109229	0.00184289
72.6	0.02729374	0.0170798	0.09109229	0.0017341
72.7	0.02729374	0.0170798	0.09109229	0.00179114
72.8	0.02729374	0.0170798	0.09109229	0.00168092
72.9	0.02729374	0.0170798	0.09109229	0.00165376
73	0.02729374	0.0170798	0.09109229	0.00163541
73.1	0.02729374	0.0170798	0.09109229	0.00158928
73.2	0.02729374	0.0170798	0.09109229	0.0016524
73.3	0.02729374	0.0170798	0.09109229	0.00187602
73.4	0.02729374	0.0170798	0.09109229	0.00174744
73.5	0.02729374	0.0170798	0.09109229	0.00181267
73.6	0.02729374	0.0170798	0.09109229	0.00162365
73.7	0.02729374	0.0170798	0.09109229	0.00169403
73.8	0.02729374	0.0170798	0.09109229	0.00181673
73.9	0.02729374	0.0170798	0.09109229	0.00168646
74	0.02729374	0.0170798	0.09109229	0.00183915
74.1	0.02729374	0.0170798	0.09109229	0.001576
74.2	0.02729374	0.0170798	0.09109229	0.0016803
74.3	0.02729374	0.0170798	0.09109229	0.0015866
74.4	0.02729374	0.0170798	0.09109229	0.00156677
74.5	0.02729374	0.0170798	0.09109229	0.00164393
74.6	0.02729374	0.0170798	0.09109229	0.0017849
74.7	0.02729374	0.0170798	0.09109229	0.00176251
74.8	0.02729374	0.0170798	0.09109229	0.00171896
74.9	0.02729374	0.0170798	0.09109229	0.0017919
75	0.02729374	0.0170798	0.09109229	0.00165511
75.1	0.02729374	0.0170798	0.09109229	0.00183777
75.2	0.02729374	0.0170798	0.09109229	0.00163939
75.3	0.02729374	0.0170798	0.09109229	0.00166092
75.4	0.02729374	0.0170798	0.09109229	0.00187754
75.5	0.02729374	0.0170798	0.09109229	0.00178906
75.6	0.02729374	0.0170798	0.09109229	0.00170315
75.7	0.02729374	0.0170798	0.09109229	0.00169097
75.8	0.02729374	0.0170798	0.09109229	0.00187413
75.9	0.02729374	0.0170798	0.09109229	0.00158674
76	0.02729374	0.0170798	0.09109229	0.0017974
76.1	0.02729374	0.0170798	0.09109229	0.00162899
76.2	0.02729374	0.0170798	0.09109229	0.00154493
76.3	0.02729374	0.0170798	0.09109229	0.00182127
76.4	0.02729374	0.0170798	0.09109229	0.00158466
76.5	0.02729374	0.0170798	0.09109229	0.00161595
76.6	0.02729374	0.0170798	0.09109229	0.00168945
76.7	0.02729374	0.0170798	0.09109229	0.00159026
76.8	0.02729374	0.0170798	0.09109229	0.00169044
76.9	0.02729374	0.0170798	0.09109229	0.00173663
77	0.02729374	0.0170798	0.09109229	0.00181666
77.1	0.02729374	0.0170798	0.09109229	0.00164315
77.2	0.02729374	0.0170798	0.09109229	0.00166404
77.3	0.02729374	0.0170798	0.09109229	0.00173341
77.4	0.02729374	0.0170798	0.09109229	0.00178394
77.5	0.02729374	0.0170798	0.09109229	0.00157128
77.6	0.02729374	0.0170798	0.09109229	0.00167182
77.7	0.02729374	0.0170798	0.09109229	0.00180226
77.8	0.02729374	0.0170798	0.09109229	0.0016089
77.9	0.02729374	0.0170798	0.09109229	0.00158135
78	0.02729374	0.0170798	0.09109229	0.00181995
78.1	0.02729374	0.0170798	0.09109229	0.00172267
78.2	0.02729374	0.0170798	0.09109229	0.00179223
78.3	0.02729374	0.0170798	0.09109229	0.00168402
78.4	0.02729374	0.0170798	0.09109229	0.0016368
78.5	0.02729374	0.0170798	0.09109229	0.00164178
78.6	0.02729374	0.0170798	0.09109229	0.00153894
78.7	0.02729374	0.0170798	0.09109229	0.0018763
78.8	0.02729374	0.0170798	0.09109229	0.00173899
78.9	0.02729374	0.0170798	0.09109229	0.0018761
79	0.02729374	0.0170798	0.09109229	0.00158337
79.1	0.02729374	0.0170798	0.09109229	0.00176196
79.2	0.02729374	0.0170798	0.09109229	0.00167678
79.3	0.02729374	0.0170798	0.09109229	0.0015872
79.4	0.02729374	0.0170798	0.09109229	0.00182325
79.5	0.02729374	0.0170798	0.09109229	0.00183744
79.6	0.02729374	0.0170798	0.09109229	0.00167458
79.7	0.02729374	0.0170798	0.09109229	0.00161221
79.8	0.02729374	0.0170798	0.09109229	0.00183695
79.9	0.02729374	0.0170798	0.09109229	0.00187654
80	0.02729374	0.0170798	0.09109229	0.00161238
80.1	0.02729374	0.0170798	0.09109229	0.00167812
80.2	0.02729374	0.0170798	0.09109229	0.00186135
80.3	0.02729374	0.0170798	0.09109229	0.0016185
80.4	0.02729374	0.0170798	0.09109229	0.00172261
80.5	0.02729374	0.0170798	0.09109229	0.00182441
80.6	0.02729374	0.0170798	0.09109229	0.00184459
80.7	0.02729374	0.0170798	0.09109229	0.00160923
80.8	0.02729374	0.0170798	0.09109229	0.00165605
80.9	0.02729374	0.0170798	0.09109229	0.00185724
81	0.02729374	0.0170798	0.09109229	0.00186939
81.1	0.02729374	0.0170798	0.09109229	0.00164923
81.2	0.02729374	0.0170798	0.09109229	0.00176458
81.3	0.02729374	0.0170798	0.09109229	0.00175199
81.4	0.02729374	0.0170798	0.09109229	0.00168265
81.5	0.02729374	0.0170798	0.09109229	0.00155265
81.6	0.02729374	0.0170798	0.09109229	0.00153911
81.7	0.02729374	0.0170798	0.09109229	0.0015997
81.8	0.02729374	0.0170798	0.09109229	0.0016492
81.9	0.02729374	0.0170798	0.09109229	0.00161193
82	0.02729374	0.0170798	0.09109229	0.00161448
82.1	0.02729374	0.0170798	0.09109229	0.00157218
82.2	0.02729374	0.0170798	0.09109229	0.00156357
82.3	0.02729374	0.0170798	0.09109229	0.00172165
82.4	0.02729374	0.0170798	0.09109229	0.00155416
82.5	0.02729374	0.0170798	0.09109229	0.00178013
82.6	0.02729374	0.0170798	0.09109229	0.00178851
82.7	0.02729374	0.0170798	0.09109229	0.00180306
82.8	0.02729374	0.0170798	0.09109229	0.00155284
82.9	0.02729374	0.0170798	0.09109229	0.00162042
83	0.02729374	0.0170798	0.09109229	0.00168899
83.1	0.02729374	0.0170798	0.09109229	0.00155151
83.2	0.02729374	0.0170798	0.09109229	0.00173191
83.3	0.02729374	0.0170798	0.09109229	0.00157837
83.4	0.02729374	0.0170798	0.09109229	0.0018707
83.5	0.02729374	0.0170798	0.09109229	0.00168986
83.6	0.02729374	0.0170798	0.09109229	0.00164752
83.7	0.02729374	0.0170798	0.09109229	0.0018225
83.8	0.02729374	0.0170798	0.09109229	0.00178795
83.9	0.02729374	0.0170798	0.09109229	0.00176151
84	0.02729374	0.0170798	0.09109229	0.00177054
84.1	0.02729374	0.0170798	0.09109229	0.00176771
84.2	0.02729374	0.0170798	0.09109229	0.00159743
84.3	0.02729374	0.0170798	0.09109229	0.00169653
84.4	0.02729374	0.0170798	0.09109229	0.00155353
84.5	0.02729374	0.0170798	0.09109229	0.00181171
84.6	0.02729374	0.0170798	0.09109229	0.00169704
84.7	0.02729374	0.0170798	0.09109229	0.00164161
84.8	0.02729374	0.0170798	0.09109229	0.00187613
84.9	0.02729374	0.0170798	0.09109229	0.00158197
85	0.02729374	0.0170798	0.09109229	0.00174947
85.1	0.02729374	0.0170798	0.09109229	0.00175036
85.2	0.02729374	0.0170798	0.09109229	0.00165279
85.3	0.02729374	0.0170798	0.09109229	0.00185021
85.4	0.02729374	0.0170798	0.09109229	0.00183264
85.5	0.02729374	0.0170798	0.09109229	0.0016257
85.6	0.02729374	0.0170798	0.09109229	0.00177936
85.7	0.02729374	0.0170798	0.09109229	0.00168118
85.8	0.02729374	0.0170798	0.09109229	0.00167893
85.9	0.02729374	0.0170798	0.09109229	0.0018317
86	0.02729374	0.0170798	0.09109229	0.00155606
86.1	0.02729374	0.0170798	0.09109229	0.00169857
86.2	0.02729374	0.0170798	0.09109229	0.00180568
86.3	0.02729374	0.0170798	0.09109229	0.00179955
86.4	0.02729374	0.0170798	0.09109229	0.00184393
86.5	0.02729374	0.0170798	0.09109229	0.00171594
86.6	0.02729374	0.0170798	0.09109229	0.00155307
86.7	0.02729374	0.0170798	0.09109229	0.001751
86.8	0.02729374	0.0170798	0.09109229	0.00183949
86.9	0.02729374	0.0170798	0.09109229	0.00184085
87	0.02729374	0.0170798	0.09109229	0.00178435
87.1	0.02729374	0.0170798	0.09109229	0.00165822
87.2	0.02729374	0.0170798	0.09109229	0.00172588
87.3	0.02729374	0.0170798	0.09109229	0.00180421
87.4	0.02729374	0.0170798	0.09109229	0.00162049
87.5	0.02729374	0.0170798	0.09109229	0.00176553
87.6	0.02729374	0.0170798	0.09109229	0.00171923
87.7	0.02729374	0.0170798	0.09109229	0.00157824
87.8	0.02729374	0.0170798	0.09109229	0.00175964
87.9	0.02729374	0.0170798	0.09109229	0.00185007
88	0.02729374	0.0170798	0.09109229	0.00162651
88.1	0.02729374	0.0170798	0.09109229	0.00169781
88.2	0.02729374	0.0170798	0.09109229	0.0016208
88.3	0.02729374	0.0170798	0.09109229	0.00176038
88.4	0.02729374	0.0170798	0.09109229	0.00176185
88.5	0.02729374	0.0170798	0.09109229	0.00155939
88.6	0.02729374	0.0170798	0.09109229	0.00169258
88.7	0.02729374	0.0170798	0.09109229	0.00185184
88.8	0.02729374	0.0170798	0.09109229	0.00175707
88.9	0.02729374	0.0170798	0.09109229	0.00173288
89	0.02729374	0.0170798	0.09109229	0.00162088
89.1	0.02729374	0.0170798	0.09109229	0.00173045
89.2	0.02729374	0.0170798	0.09109229	0.00168768
89.3	0.02729374	0.0170798	0.09109229	0.00184942
89.4	0.02729374	0.0170798	0.09109229	0.00187435
89.5	0.02729374	0.0170798	0.09109229	0.00157409
89.6	0.02729374	0.0170798	0.09109229	0.00184073
89.7	0.02729374	0.0170798	0.09109229	0.00159487
89.8	0.02729374	0.0170798	0.09109229	0.00167259
89.9	0.02729374	0.0170798	0.09109229	0.00180467
90	0.02729374	0.0170798	0.09109229	0.00182158
90.1	0.02729374	0.0170798	0.09109229	0.00162704
90.2	0.02729374	0.0170798	0.09109229	0.0016321
90.3	0.02729374	0.0170798	0.09109229	0.00177285
90.4	0.02729374	0.0170798	0.09109229	0.00161494
90.5	0.02729374	0.0170798	0.09109229	0.00179846
90.6	0.02729374	0.0170798	0.09109229	0.00173224
90.7	0.02729374	0.0170798	0.09109229	0.00166296
90.8	0.02729374	0.0170798	0.09109229	0.0017066
90.9	0.02729374	0.0170798	0.09109229	0.00174243
91	0.02729374	0.0170798	0.09109229	0.00181106
91.1	0.02729374	0.0170798	0.09109229	0.00179638
91.2	0.02729374	0.0170798	0.09109229	0.00182651
91.3	0.02729374	0.0170798	0.09109229	0.00161936
91.4	0.02729374	0.0170798	0.09109229	0.00158341
91.5	0.02729374	0.0170798	0.09109229	0.00180032
91.6	0.02729374	0.0170798	0.09109229	0.0015517
91.7	0.02729374	0.0170798	0.09109229	0.00185263
91.8	0.02729374	0.0170798	0.09109229	0.00183374
91.9	0.02729374	0.0170798	0.09109229	0.00159286
92	0.02729374	0.0170798	0.09109229	0.00173542
92.1	0.02729374	0.0170798	0.09109229	0.0016219
92.2	0.02729374	0.0170798	0.09109229	0.0016102
92.3	0.02729374	0.0170798	0.09109229	0.00180972
92.4	0.02729374	0.0170798	0.09109229	0.00167914
92.5	0.02729374	0.0170798	0.09109229	0.0017227
92.6	0.02729374	0.0170798	0.09109229	0.00181814
92.7	0.02729374	0.0170798	0.09109229	0.0015914
92.8	0.02729374	0.0170798	0.09109229	0.00182596
92.9	0.02729374	0.0170798	0.09109229	0.00158446
93	0.02729374	0.0170798	0.09109229	0.00178766
93.1	0.02729374	0.0170798	0.09109229	0.00173179
93.2	0.02729374	0.0170798	0.09109229	0.00170876
93.3	0.02729374	0.0170798	0.09109229	0.00182697
93.4	0.02729374	0.0170798	0.09109229	0.00172229
93.5	0.02729374	0.0170798	0.09109229	0.00172401
93.6	0.02729374	0.0170798	0.09109229	0.00181407
93.7	0.02729374	0.0170798	0.09109229	0.00158483
93.8	0.02729374	0.0170798	0.09109229	0.00182537
93.9	0.02729374	0.0170798	0.09109229	0.00159996
94	0.02729374	0.0170798	0.09109229	0.00167635
94.1	0.02729374	0.0170798	0.09109229	0.00178818
94.2	0.02729374	0.0170798	0.09109229	0.00184518
94.3	0.02729374	0.0170798	0.09109229	0.00180432
94.4	0.02729374	0.0170798	0.09109229	0.00166814
94.5	0.02729374	0.0170798	0.09109229	0.00187496
94.6	0.02729374	0.0170798	0.09109229	0.00159892
94.7	0.02729374	0.0170798	0.09109229	0.00168916
94.8	0.02729374	0.0170798	0.09109229	0.00157163
94.9	0.02729374	0.0170798	0.09109229	0.00187512
95	0.02729374	0.0170798	0.09109229	0.001871
95.1	0.02729374	0.0170798	0.09109229	0.00182269
95.2	0.02729374	0.0170798	0.09109229	0.0018111
95.3	0.02729374	0.0170798	0.09109229	0.00169029
95.4	0.02729374	0.0170798	0.09109229	0.0017913
95.5	0.02729374	0.0170798	0.09109229	0.00184916
95.6	0.02729374	0.0170798	0.09109229	0.00162712
95.7	0.02729374	0.0170798	0.09109229	0.00158102
95.8	0.02729374	0.0170798	0.09109229	0.0015527
95.9	0.02729374	0.0170798	0.09109229	0.00178509
96	0.02729374	0.0170798	0.09109229	0.00154233
96.1	0.02729374	0.0170798	0.09109229	0.00163192
96.2	0.02729374	0.0170798	0.09109229	0.00160805
96.3	0.02729374	0.0170798	0.09109229	0.00157297
96.4	0.02729374	0.0170798	0.09109229	0.0015381
96.5	0.02729374	0.0170798	0.09109229	0.0015972
96.6	0.02729374	0.0170798	0.09109229	0.00156573
96.7	0.02729374	0.0170798	0.09109229	0.00169959
96.8	0.02729374	0.0170798	0.09109229	0.00185973
96.9	0.02729374	0.0170798	0.09109229	0.001644
97	0.02729374	0.0170798	0.09109229	0.0017105
97.1	0.02729374	0.0170798	0.09109229	0.00175843
97.2	0.02729374	0.0170798	0.09109229	0.00170855
97.3	0.02729374	0.0170798	0.09109229	0.00182249
97.4	0.02729374	0.0170798	0.09109229	0.0016561
97.5	0.02729374	0.0170798	0.09109229	0.00158274
97.6	0.02729374	0.0170798	0.09109229	0.00157442
97.7	0.02729374	0.0170798	0.09109229	0.00178716
97.8	0.02729374	0.0170798	0.09109229	0.00163941
97.9	0.02729374	0.0170798	0.09109229	0.00172008
98	0.02729374	0.0170798	0.09109229	0.00179284
98.1	0.02729374	0.0170798	0.09109229	0.00186093
98.2	0.02729374	0.0170798	0.09109229	0.00160895
98.3	0.02729374	0.0170798	0.09109229	0.00178878
98.4	0.02729374	0.0170798	0.09109229	0.00166917
98.5	0.02729374	0.0170798	0.09109229	0.00179084
98.6	0.02729374	0.0170798	0.09109229	0.0017523
98.7	0.02729374	0.0170798	0.09109229	0.0016126
98.8	0.02729374	0.0170798	0.09109229	0.00176339
98.9	0.02729374	0.0170798	0.09109229	0.00155886
99	0.02729374	0.0170798	0.09109229	0.00185285
99.1	0.02729374	0.0170798	0.09109229	0.00170717
99.2	0.02729374	0.0170798	0.09109229	0.00186894
99.3	0.02729374	0.0170798	0.09109229	0.00177244
99.4	0.02729374	0.0170798	0.09109229	0.0015861
99.5	0.02729374	0.0170798	0.09109229	0.00170781
99.6	0.02729374	0.0170798	0.09109229	0.00167623
99.7	0.02729374	0.0170798	0.09109229	0.00158329
99.8	0.02729374	0.0170798	0.09109229	0.00154913
99.9	0.02729374	0.0170798	0.09109229	0.00158213
100	0.02729374	0.0170798	0.09109229	0.00170359
100.1	0.02729374	0.0170798	0.09109229	0.00164373
100.2	0.02729374	0.0170798	0.09109229	0.00177226
100.3	0.02729374	0.0170798	0.09109229	0.00173684
100.4	0.02729374	0.0170798	0.09109229	0.00162504
100.5	0.02729374	0.0170798	0.09109229	0.00187064
100.6	0.02729374	0.0170798	0.09109229	0.00161277
100.7	0.02729374	0.0170798	0.09109229	0.00160213
100.8	0.02729374	0.0170798	0.09109229	0.00178944
100.9	0.02729374	0.0170798	0.09109229	0.00159203
101	0.02729374	0.0170798	0.09109229	0.00181347
101.1	0.02729374	0.0170798	0.09109229	0.00179422
101.2	0.02729374	0.0170798	0.09109229	0.00174192
101.3	0.02729374	0.0170798	0.09109229	0.00160008
101.4	0.02729374	0.0170798	0.09109229	0.00175699
101.5	0.02729374	0.0170798	0.09109229	0.00158276
101.6	0.02729374	0.0170798	0.09109229	0.00181022
101.7	0.02729374	0.0170798	0.09109229	0.00177153
101.8	0.02729374	0.0170798	0.09109229	0.0017949
101.9	0.02729374	0.0170798	0.09109229	0.00159733
102	0.02729374	0.0170798	0.09109229	0.0016621
102.1	0.02729374	0.0170798	0.09109229	0.00163489
102.2	0.02729374	0.0170798	0.09109229	0.00185958
102.3	0.02729374	0.0170798	0.09109229	0.00169663
102.4	0.02729374	0.0170798	0.09109229	0.00181119
102.5	0.02729374	0.0170798	0.09109229	0.00155248
102.6	0.02729374	0.0170798	0.09109229	0.00186732
102.7	0.02729374	0.0170798	0.09109229	0.00161629
102.8	0.02729374	0.0170798	0.09109229	0.00154958
102.9	0.02729374	0.0170798	0.09109229	0.0016979
103	0.02729374	0.0170798	0.09109229	0.00163078
103.1	0.02729374	0.0170798	0.09109229	0.00157525
103.2	0.02729374	0.0170798	0.09109229	0.00179433
103.3	0.02729374	0.0170798	0.09109229	0.00182757
103.4	0.02729374	0.0170798	0.09109229	0.00154909
103.5	0.02729374	0.0170798	0.09109229	0.00177251
103.6	0.02729374	0.0170798	0.09109229	0.00163521
103.7	0.02729374	0.0170798	0.09109229	0.00162914
103.8	0.02729374	0.0170798	0.09109229	0.00162928
103.9	0.02729374	0.0170798	0.09109229	0.00175155
104	0.02729374	0.0170798	0.09109229	0.00178398
104.1	0.02729374	0.0170798	0.09109229	0.00166693
104.2	0.02729374	0.0170798	0.09109229	0.0015888
104.3	0.02729374	0.0170798	0.09109229	0.00167859
104.4	0.02729374	0.0170798	0.09109229	0.00181679
104.5	0.02729374	0.0170798	0.09109229	0.00158319
104.6	0.02729374	0.0170798	0.09109229	0.00178132
104.7	0.02729374	0.0170798	0.09109229	0.00176652
104.8	0.02729374	0.0170798	0.09109229	0.00166869
104.9	0.02729374	0.0170798	0.09109229	0.00172057
105	0.02729374	0.0170798	0.09109229	0.00166001
105.1	0.02729374	0.0170798	0.09109229	0.00156594
105.2	0.02729374	0.0170798	0.09109229	0.00165836
105.3	0.02729374	0.0170798	0.09109229	0.00167004
105.4	0.02729374	0.0170798	0.09109229	0.00185225
105.5	0.02729374	0.0170798	0.09109229	0.00179233
105.6	0.02729374	0.0170798	0.09109229	0.00158839
105.7	0.02729374	0.0170798	0.09109229	0.00161811
105.8	0.02729374	0.0170798	0.09109229	0.00176004
105.9	0.02729374	0.0170798	0.09109229	0.0016352
106	0.02729374	0.0170798	0.09109229	0.00178014
106.1	0.02729374	0.0170798	0.09109229	0.00172689
106.2	0.02729374	0.0170798	0.09109229	0.00180462
106.3	0.02729374	0.0170798	0.09109229	0.00156899
106.4	0.02729374	0.0170798	0.09109229	0.00161979
106.5	0.02729374	0.0170798	0.09109229	0.00165975
106.6	0.02729374	0.0170798	0.09109229	0.00155607
106.7	0.02729374	0.0170798	0.09109229	0.00160173
106.8	0.02729374	0.0170798	0.09109229	0.00183623
106.9	0.02729374	0.0170798	0.09109229	0.00154637
107	0.02729374	0.0170798	0.09109229	0.00163559
107.1	0.02729374	0.0170798	0.09109229	0.00177206
107.2	0.02729374	0.0170798	0.09109229	0.00181441
107.3	0.02729374	0.0170798	0.09109229	0.00168448
107.4	0.02729374	0.0170798	0.09109229	0.00157314
107.5	0.02729374	0.0170798	0.09109229	0.00157382
107.6	0.02729374	0.0170798	0.09109229	0.00178985
107.7	0.02729374	0.0170798	0.09109229	0.00157542
107.8	0.02729374	0.0170798	0.09109229	0.00157235
107.9	0.02729374	0.0170798	0.09109229	0.00183125
108	0.02729374	0.0170798	0.09109229	0.00172005
108.1	0.02729374	0.0170798	0.09109229	0.0018145
108.2	0.02729374	0.0170798	0.09109229	0.0018073
108.3	0.02729374	0.0170798	0.09109229	0.00187619
108.4	0.02729374	0.0170798	0.09109229	0.00185757
108.5	0.02729374	0.0170798	0.09109229	0.00162708
108.6	0.02729374	0.0170798	0.09109229	0.00175378
108.7	0.02729374	0.0170798	0.09109229	0.0015944
108.8	0.02729374	0.0170798	0.09109229	0.00167138
108.9	0.02729374	0.0170798	0.09109229	0.00165756
109	0.02729374	0.0170798	0.09109229	0.00171124
109.1	0.02729374	0.0170798	0.09109229	0.00162862
109.2	0.02729374	0.0170798	0.09109229	0.0017516
109.3	0.02729374	0.0170798	0.09109229	0.00177263
109.4	0.02729374	0.0170798	0.09109229	0.00159519
109.5	0.02729374	0.0170798	0.09109229	0.00180726
109.6	0.02729374	0.0170798	0.09109229	0.00159936
109.7	0.02729374	0.0170798	0.09109229	0.00156323
109.8	0.02729374	0.0170798	0.09109229	0.00158711
109.9	0.02729374	0.0170798	0.09109229	0.00187782
110	0.02729374	0.0170798	0.09109229	0.00183173
110.1	0.02729374	0.0170798	0.09109229	0.00166664
110.2	0.02729374	0.0170798	0.09109229	0.00160688
110.3	0.02729374	0.0170798	0.09109229	0.00168787
110.4	0.02729374	0.0170798	0.09109229	0.00181064
110.5	0.02729374	0.0170798	0.09109229	0.00186678
110.6	0.02729374	0.0170798	0.09109229	0.00172624
110.7	0.02729374	0.0170798	0.09109229	0.00172899
110.8	0.02729374	0.0170798	0.09109229	0.00171887
110.9	0.02729374	0.0170798	0.09109229	0.0016185
111	0.02729374	0.0170798	0.09109229	0.00181616
111.1	0.02729374	0.0170798	0.09109229	0.00157621
111.2	0.02729374	0.0170798	0.09109229	0.00153886
111.3	0.02729374	0.0170798	0.09109229	0.00179753
111.4	0.02729374	0.0170798	0.09109229	0.00182632
111.5	0.02729374	0.0170798	0.09109229	0.00184101
111.6	0.02729374	0.0170798	0.09109229	0.00175214
111.7	0.02729374	0.0170798	0.09109229	0.00187761
111.8	0.02729374	0.0170798	0.09109229	0.00169947
111.9	0.02729374	0.0170798	0.09109229	0.00177572
112	0.02729374	0.0170798	0.09109229	0.00187022
112.1	0.02729374	0.0170798	0.09109229	0.00158242
112.2	0.02729374	0.0170798	0.09109229	0.00173992
112.3	0.02729374	0.0170798	0.09109229	0.00167127
112.4	0.02729374	0.0170798	0.09109229	0.00153738
112.5	0.02729374	0.0170798	0.09109229	0.00176569
112.6	0.02729374	0.0170798	0.09109229	0.00176642
112.7	0.02729374	0.0170798	0.09109229	0.00177187
112.8	0.02729374	0.0170798	0.09109229	0.0018443
112.9	0.02729374	0.0170798	0.09109229	0.00163013
113	0.02729374	0.0170798	0.09109229	0.00172784
113.1	0.02729374	0.0170798	0.09109229	0.0016505
113.2	0.02729374	0.0170798	0.09109229	0.00167869
113.3	0.02729374	0.0170798	0.09109229	0.00178021
113.4	0.02729374	0.0170798	0.09109229	0.00181897
113.5	0.02729374	0.0170798	0.09109229	0.00165516
113.6	0.02729374	0.0170798	0.09109229	0.00158932
113.7	0.02729374	0.0170798	0.09109229	0.00164485
113.8	0.02729374	0.0170798	0.09109229	0.00179254
113.9	0.02729374	0.0170798	0.09109229	0.0015408
114	0.02729374	0.0170798	0.09109229	0.00157584
114.1	0.02729374	0.0170798	0.09109229	0.00168134
114.2	0.02729374	0.0170798	0.09109229	0.00184217
114.3	0.02729374	0.0170798	0.09109229	0.00177502
114.4	0.02729374	0.0170798	0.09109229	0.00156312
114.5	0.02729374	0.0170798	0.09109229	0.00186903
114.6	0.02729374	0.0170798	0.09109229	0.00166778
114.7	0.02729374	0.0170798	0.09109229	0.00168373
114.8	0.02729374	0.0170798	0.09109229	0.00171683
114.9	0.02729374	0.0170798	0.09109229	0.00168194
115	0.02729374	0.0170798	0.09109229	0.00181799
115.1	0.02729374	0.0170798	0.09109229	0.00176876
115.2	0.02729374	0.0170798	0.09109229	0.00184345
115.3	0.02729374	0.0170798	0.09109229	0.00187463
115.4	0.02729374	0.0170798	0.09109229	0.00176096
115.5	0.02729374	0.0170798	0.09109229	0.0015443
115.6	0.02729374	0.0170798	0.09109229	0.00177481
115.7	0.02729374	0.0170798	0.09109229	0.00174893
115.8	0.02729374	0.0170798	0.09109229	0.00181668
115.9	0.02729374	0.0170798	0.09109229	0.00165141
116	0.02729374	0.0170798	0.09109229	0.00159369
116.1	0.02729374	0.0170798	0.09109229	0.0016359
116.2	0.02729374	0.0170798	0.09109229	0.0018786
116.3	0.02729374	0.0170798	0.09109229	0.00157965
116.4	0.02729374	0.0170798	0.09109229	0.00168255
116.5	0.02729374	0.0170798	0.09109229	0.00164911
116.6	0.02729374	0.0170798	0.09109229	0.00183792
116.7	0.02729374	0.0170798	0.09109229	0.0017388
116.8	0.02729374	0.0170798	0.09109229	0.00169937
116.9	0.02729374	0.0170798	0.09109229	0.00159221
117	0.02729374	0.0170798	0.09109229	0.00178624
117.1	0.02729374	0.0170798	0.09109229	0.00167015
117.2	0.02729374	0.0170798	0.09109229	0.00155924
117.3	0.02729374	0.0170798	0.09109229	0.00169508
117.4	0.02729374	0.0170798	0.09109229	0.00170282
117.5	0.02729374	0.0170798	0.09109229	0.00157036
117.6	0.02729374	0.0170798	0.09109229	0.0018708
117.7	0.02729374	0.0170798	0.09109229	0.00163888
117.8	0.02729374	0.0170798	0.09109229	0.00173297
117.9	0.02729374	0.0170798	0.09109229	0.00182967
118	0.02729374	0.0170798	0.09109229	0.00162998
118.1	0.02729374	0.0170798	0.09109229	0.00166311
118.2	0.02729374	0.0170798	0.09109229	0.00165707
118.3	0.02729374	0.0170798	0.09109229	0.0017718
118.4	0.02729374	0.0170798	0.09109229	0.00177708
118.5	0.02729374	0.0170798	0.09109229	0.00186552
118.6	0.02729374	0.0170798	0.09109229	0.00169033
118.7	0.02729374	0.0170798	0.09109229	0.00186341
118.8	0.02729374	0.0170798	0.09109229	0.00181121
118.9	0.02729374	0.0170798	0.09109229	0.00184267
119	0.02729374	0.0170798	0.09109229	0.00161737
119.1	0.02729374	0.0170798	0.09109229	0.00169874
119.2	0.02729374	0.0170798	0.09109229	0.0017217
119.3	0.02729374	0.0170798	0.09109229	0.0015448
119.4	0.02729374	0.0170798	0.09109229	0.00170863
119.5	0.02729374	0.0170798	0.09109229	0.00176618
119.6	0.02729374	0.0170798	0.09109229	0.00162008
119.7	0.02729374	0.0170798	0.09109229	0.00168957
119.8	0.02729374	0.0170798	0.09109229	0.0017164
119.9	0.02729374	0.0170798	0.09109229	0.0017904
120	0.02729374	0.0170798	0.09109229	0.00183762
120.1	0.02729374	0.0170798	0.09109229	0.00169515
120.2	0.02729374	0.0170798	0.09109229	0.00166336
120.3	0.02729374	0.0170798	0.09109229	0.00182232
120.4	0.02729374	0.0170798	0.09109229	0.00165164
120.5	0.02729374	0.0170798	0.09109229	0.00164215
120.6	0.02729374	0.0170798	0.09109229	0.00176726
120.7	0.02729374	0.0170798	0.09109229	0.00177017
120.8	0.02729374	0.0170798	0.09109229	0.00183356
120.9	0.02729374	0.0170798	0.09109229	0.00173108
121	0.02729374	0.0170798	0.09109229	0.00171942
121.1	0.02729374	0.0170798	0.09109229	0.00157778
121.2	0.02729374	0.0170798	0.09109229	0.0018574
121.3	0.02729374	0.0170798	0.09109229	0.00159421
121.4	0.02729374	0.0170798	0.09109229	0.00182415
121.5	0.02729374	0.0170798	0.09109229	0.00175702
121.6	0.02729374	0.0170798	0.09109229	0.00185405
121.7	0.02729374	0.0170798	0.09109229	0.00166293
121.8	0.02729374	0.0170798	0.09109229	0.00177874
121.9	0.02729374	0.0170798	0.09109229	0.00155442
122	0.02729374	0.0170798	0.09109229	0.00166832
122.1	0.02729374	0.0170798	0.09109229	0.00169835
122.2	0.02729374	0.0170798	0.09109229	0.00167926
122.3	0.02729374	0.0170798	0.09109229	0.00181076
122.4	0.02729374	0.0170798	0.09109229	0.00173063
122.5	0.02729374	0.0170798	0.09109229	0.00163143
122.6	0.02729374	0.0170798	0.09109229	0.001582
122.7	0.02729374	0.0170798	0.09109229	0.00170438
122.8	0.02729374	0.0170798	0.09109229	0.00159471
122.9	0.02729374	0.0170798	0.09109229	0.00156854
123	0.02729374	0.0170798	0.09109229	0.00187319
123.1	0.02729374	0.0170798	0.09109229	0.00178264
123.2	0.02729374	0.0170798	0.09109229	0.00178526
123.3	0.02729374	0.0170798	0.09109229	0.00164596
123.4	0.02729374	0.0170798	0.09109229	0.00170504
123.5	0.02729374	0.0170798	0.09109229	0.00163876
123.6	0.02729374	0.0170798	0.09109229	0.00187513
123.7	0.02729374	0.0170798	0.09109229	0.00183284
123.8	0.02729374	0.0170798	0.09109229	0.00160027
123.9	0.02729374	0.0170798	0.09109229	0.00185109
124	0.02729374	0.0170798	0.09109229	0.00180434
124.1	0.02729374	0.0170798	0.09109229	0.00164359
124.2	0.02729374	0.0170798	0.09109229	0.00176627
124.3	0.02729374	0.0170798	0.09109229	0.00173445
124.4	0.02729374	0.0170798	0.09109229	0.00175124
124.5	0.02729374	0.0170798	0.09109229	0.00183885
124.6	0.02729374	0.0170798	0.09109229	0.00162478
124.7	0.02729374	0.0170798	0.09109229	0.00156675
124.8	0.02729374	0.0170798	0.09109229	0.00165093
124.9	0.02729374	0.0170798	0.09109229	0.00184384
125	0.02729374	0.0170798	0.09109229	0.00163037
125.1	0.02729374	0.0170798	0.09109229	0.0015426
125.2	0.02729374	0.0170798	0.09109229	0.00180137
125.3	0.02729374	0.0170798	0.09109229	0.00178392
125.4	0.02729374	0.0170798	0.09109229	0.00163304
125.5	0.02729374	0.0170798	0.09109229	0.00159714
125.6	0.02729374	0.0170798	0.09109229	0.00158065
125.7	0.02729374	0.0170798	0.09109229	0.00156501
125.8	0.02729374	0.0170798	0.09109229	0.00177148
125.9	0.02729374	0.0170798	0.09109229	0.00175052
126	0.02729374	0.0170798	0.09109229	0.00173958
126.1	0.02729374	0.0170798	0.09109229	0.00178041
126.2	0.02729374	0.0170798	0.09109229	0.001644
126.3	0.02729374	0.0170798	0.09109229	0.00170122
126.4	0.02729374	0.0170798	0.09109229	0.00177542
126.5	0.02729374	0.0170798	0.09109229	0.00184896
126.6	0.02729374	0.0170798	0.09109229	0.00170974
126.7	0.02729374	0.0170798	0.09109229	0.0018075
126.8	0.02729374	0.0170798	0.09109229	0.0017996
126.9	0.02729374	0.0170798	0.09109229	0.00185469
127	0.02729374	0.0170798	0.09109229	0.00153952
127.1	0.02729374	0.0170798	0.09109229	0.00167587
127.2	0.02729374	0.0170798	0.09109229	0.00165617
127.3	0.02729374	0.0170798	0.09109229	0.00157435
127.4	0.02729374	0.0170798	0.09109229	0.00170792
127.5	0.02729374	0.0170798	0.09109229	0.00166521
127.6	0.02729374	0.0170798	0.09109229	0.00179204
127.7	0.02729374	0.0170798	0.09109229	0.00176274
127.8	0.02729374	0.0170798	0.09109229	0.00179701
127.9	0.02729374	0.0170798	0.09109229	0.00168613
128	0.02729374	0.0170798	0.09109229	0.00183637
128.1	0.02729374	0.0170798	0.09109229	0.00178652
128.2	0.02729374	0.0170798	0.09109229	0.00168452
128.3	0.02729374	0.0170798	0.09109229	0.00177084
128.4	0.02729374	0.0170798	0.09109229	0.00168665
128.5	0.02729374	0.0170798	0.09109229	0.00184734
128.6	0.02729374	0.0170798	0.09109229	0.00181854
128.7	0.02729374	0.0170798	0.09109229	0.00159673
128.8	0.02729374	0.0170798	0.09109229	0.00157073
128.9	0.02729374	0.0170798	0.09109229	0.00181176
129	0.02729374	0.0170798	0.09109229	0.00174994
129.1	0.02729374	0.0170798	0.09109229	0.00172838
129.2	0.02729374	0.0170798	0.09109229	0.00176274
129.3	0.02729374	0.0170798	0.09109229	0.00161836
129.4	0.02729374	0.0170798	0.09109229	0.00179433
129.5	0.02729374	0.0170798	0.09109229	0.00156162
129.6	0.02729374	0.0170798	0.09109229	0.00169557
129.7	0.02729374	0.0170798	0.09109229	0.00156333
129.8	0.02729374	0.0170798	0.09109229	0.00186738
129.9	0.02729374	0.0170798	0.09109229	0.0016189
130	0.02729374	0.0170798	0.09109229	0.00169629
130.1	0.02729374	0.0170798	0.09109229	0.0018197
130.2	0.02729374	0.0170798	0.09109229	0.0015974
130.3	0.02729374	0.0170798	0.09109229	0.00169625
130.4	0.02729374	0.0170798	0.09109229	0.00169711
130.5	0.02729374	0.0170798	0.09109229	0.00165572
130.6	0.02729374	0.0170798	0.09109229	0.00175992
130.7	0.02729374	0.0170798	0.09109229	0.00180949
130.8	0.02729374	0.0170798	0.09109229	0.00183215
130.9	0.02729374	0.0170798	0.09109229	0.00184108
131	0.02729374	0.0170798	0.09109229	0.00154437
131.1	0.02729374	0.0170798	0.09109229	0.00162563
131.2	0.02729374	0.0170798	0.09109229	0.00184569
131.3	0.02729374	0.0170798	0.09109229	0.00179511
131.4	0.02729374	0.0170798	0.09109229	0.00172421
131.5	0.02729374	0.0170798	0.09109229	0.00156095
131.6	0.02729374	0.0170798	0.09109229	0.00165854
131.7	0.02729374	0.0170798	0.09109229	0.00160413
131.8	0.02729374	0.0170798	0.09109229	0.00154742
131.9	0.02729374	0.0170798	0.09109229	0.00167603
132	0.02729374	0.0170798	0.09109229	0.00160079
132.1	0.02729374	0.0170798	0.09109229	0.00165281
132.2	0.02729374	0.0170798	0.09109229	0.00183476
132.3	0.02729374	0.0170798	0.09109229	0.00174183
132.4	0.02729374	0.0170798	0.09109229	0.00156967
132.5	0.02729374	0.0170798	0.09109229	0.00184059
132.6	0.02729374	0.0170798	0.09109229	0.00181537
132.7	0.02729374	0.0170798	0.09109229	0.00177061
132.8	0.02729374	0.0170798	0.09109229	0.0016004
132.9	0.02729374	0.0170798	0.09109229	0.00172616
133	0.02729374	0.0170798	0.09109229	0.00172937
133.1	0.02729374	0.0170798	0.09109229	0.00176689
133.2	0.02729374	0.0170798	0.09109229	0.00173518
133.3	0.02729374	0.0170798	0.09109229	0.0015826
133.4	0.02729374	0.0170798	0.09109229	0.00183533
133.5	0.02729374	0.0170798	0.09109229	0.00185059
133.6	0.02729374	0.0170798	0.09109229	0.00163569
133.7	0.02729374	0.0170798	0.09109229	0.00183533
133.8	0.02729374	0.0170798	0.09109229	0.00168992
133.9	0.02729374	0.0170798	0.09109229	0.00180231
134	0.02729374	0.0170798	0.09109229	0.00155155
134.1	0.02729374	0.0170798	0.09109229	0.00165894
134.2	0.02729374	0.0170798	0.09109229	0.00184906
134.3	0.02729374	0.0170798	0.09109229	0.00159529
134.4	0.02729374	0.0170798	0.09109229	0.00179778
134.5	0.02729374	0.0170798	0.09109229	0.00173735
134.6	0.02729374	0.0170798	0.09109229	0.00158585
134.7	0.02729374	0.0170798	0.09109229	0.00178804
134.8	0.02729374	0.0170798	0.09109229	0.00158255
134.9	0.02729374	0.0170798	0.09109229	0.00176745
135	0.02729374	0.0170798	0.09109229	0.00165728
135.1	0.02729374	0.0170798	0.09109229	0.00161286
135.2	0.02729374	0.0170798	0.09109229	0.00179999
135.3	0.02729374	0.0170798	0.09109229	0.00171783
135.4	0.02729374	0.0170798	0.09109229	0.00162015
135.5	0.02729374	0.0170798	0.09109229	0.00174427
135.6	0.02729374	0.0170798	0.09109229	0.00162541
135.7	0.02729374	0.0170798	0.09109229	0.0017019
135.8	0.02729374	0.0170798	0.09109229	0.00166561
135.9	0.02729374	0.0170798	0.09109229	0.00159641
136	0.02729374	0.0170798	0.09109229	0.00161826
136.1	0.02729374	0.0170798	0.09109229	0.00181862
136.2	0.02729374	0.0170798	0.09109229	0.0018265
136.3	0.02729374	0.0170798	0.09109229	0.00173425
136.4	0.02729374	0.0170798	0.09109229	0.00162081
136.5	0.02729374	0.0170798	0.09109229	0.00163894
136.6	0.02729374	0.0170798	0.09109229	0.00177373
136.7	0.02729374	0.0170798	0.09109229	0.001547
136.8	0.02729374	0.0170798	0.09109229	0.00161084
136.9	0.02729374	0.0170798	0.09109229	0.00180701
137	0.02729374	0.0170798	0.09109229	0.00155802
137.1	0.02729374	0.0170798	0.09109229	0.00161939
137.2	0.02729374	0.0170798	0.09109229	0.00164145
137.3	0.02729374	0.0170798	0.09109229	0.0018312
137.4	0.02729374	0.0170798	0.09109229	0.00158035
137.5	0.02729374	0.0170798	0.09109229	0.00181324
137.6	0.02729374	0.0170798	0.09109229	0.00156828
137.7	0.02729374	0.0170798	0.09109229	0.00185825
137.8	0.02729374	0.0170798	0.09109229	0.00181502
137.9	0.02729374	0.0170798	0.09109229	0.00162835
138	0.02729374	0.0170798	0.09109229	0.00173273
138.1	0.02729374	0.0170798	0.09109229	0.00174261
138.2	0.02729374	0.0170798	0.09109229	0.00180673
138.3	0.02729374	0.0170798	0.09109229	0.00172791
138.4	0.02729374	0.0170798	0.09109229	0.00169119
138.5	0.02729374	0.0170798	0.09109229	0.00176895
138.6	0.02729374	0.0170798	0.09109229	0.00155555
138.7	0.02729374	0.0170798	0.09109229	0.00184194
138.8	0.02729374	0.0170798	0.09109229	0.00155107
138.9	0.02729374	0.0170798	0.09109229	0.00186869
139	0.02729374	0.0170798	0.09109229	0.00182294
139.1	0.02729374	0.0170798	0.09109229	0.00170018
139.2	0.02729374	0.0170798	0.09109229	0.00178057
139.3	0.02729374	0.0170798	0.09109229	0.00167519
139.4	0.02729374	0.0170798	0.09109229	0.00180342
139.5	0.02729374	0.0170798	0.09109229	0.00170395
139.6	0.02729374	0.0170798	0.09109229	0.00171311
139.7	0.02729374	0.0170798	0.09109229	0.00180661
139.8	0.02729374	0.0170798	0.09109229	0.00167599
139.9	0.02729374	0.0170798	0.09109229	0.00183018
140	0.02729374	0.0170798	0.09109229	0.00183813
140.1	0.02729374	0.0170798	0.09109229	0.00156827
140.2	0.02729374	0.0170798	0.09109229	0.00181482
140.3	0.02729374	0.0170798	0.09109229	0.00170636
140.4	0.02729374	0.0170798	0.09109229	0.0017457
140.5	0.02729374	0.0170798	0.09109229	0.00179171
140.6	0.02729374	0.0170798	0.09109229	0.00168054
140.7	0.02729374	0.0170798	0.09109229	0.00159965
140.8	0.02729374	0.0170798	0.09109229	0.0017675
140.9	0.02729374	0.0170798	0.09109229	0.00154985
141	0.02729374	0.0170798	0.09109229	0.00176898
141.1	0.02729374	0.0170798	0.09109229	0.00177452
141.2	0.02729374	0.0170798	0.09109229	0.00154144
141.3	0.02729374	0.0170798	0.09109229	0.00157138
141.4	0.02729374	0.0170798	0.09109229	0.00183161
141.5	0.02729374	0.0170798	0.09109229	0.00173501
141.6	0.02729374	0.0170798	0.09109229	0.00158438
141.7	0.02729374	0.0170798	0.09109229	0.00179219
141.8	0.02729374	0.0170798	0.09109229	0.00177222
141.9	0.02729374	0.0170798	0.09109229	0.00181365
142	0.02729374	0.0170798	0.09109229	0.00157855
142.1	0.02729374	0.0170798	0.09109229	0.00154677
142.2	0.02729374	0.0170798	0.09109229	0.0016408
142.3	0.02729374	0.0170798	0.09109229	0.00178451
142.4	0.02729374	0.0170798	0.09109229	0.00168617
142.5	0.02729374	0.0170798	0.09109229	0.00156566
142.6	0.02729374	0.0170798	0.09109229	0.00182761
142.7	0.02729374	0.0170798	0.09109229	0.00171691
142.8	0.02729374	0.0170798	0.09109229	0.00187473
142.9	0.02729374	0.0170798	0.09109229	0.00159418
143	0.02729374	0.0170798	0.09109229	0.00177386
143.1	0.02729374	0.0170798	0.09109229	0.00177254
143.2	0.02729374	0.0170798	0.09109229	0.00155979
143.3	0.02729374	0.0170798	0.09109229	0.00168765
143.4	0.02729374	0.0170798	0.09109229	0.00175137
143.5	0.02729374	0.0170798	0.09109229	0.00179204
143.6	0.02729374	0.0170798	0.09109229	0.00174503
143.7	0.02729374	0.0170798	0.09109229	0.00178618
143.8	0.02729374	0.0170798	0.09109229	0.00154007
143.9	0.02729374	0.0170798	0.09109229	0.00176632
144	0.02729374	0.0170798	0.09109229	0.00177477
144.1	0.02729374	0.0170798	0.09109229	0.00160094
144.2	0.02729374	0.0170798	0.09109229	0.0015745
144.3	0.02729374	0.0170798	0.09109229	0.00175414
144.4	0.02729374	0.0170798	0.09109229	0.00157994
144.5	0.02729374	0.0170798	0.09109229	0.00181889
144.6	0.02729374	0.0170798	0.09109229	0.00156096
144.7	0.02729374	0.0170798	0.09109229	0.00161701
144.8	0.02729374	0.0170798	0.09109229	0.00180908
144.9	0.02729374	0.0170798	0.09109229	0.00168898
145	0.02729374	0.0170798	0.09109229	0.00162147
145.1	0.02729374	0.0170798	0.09109229	0.00186845
145.2	0.02729374	0.0170798	0.09109229	0.00166439
145.3	0.02729374	0.0170798	0.09109229	0.00181184
145.4	0.02729374	0.0170798	0.09109229	0.00180302
145.5	0.02729374	0.0170798	0.09109229	0.0016777
145.6	0.02729374	0.0170798	0.09109229	0.00164426
145.7	0.02729374	0.0170798	0.09109229	0.00158376
145.8	0.02729374	0.0170798	0.09109229	0.0016265
145.9	0.02729374	0.0170798	0.09109229	0.0015883
146	0.02729374	0.0170798	0.09109229	0.00182003
146.1	0.02729374	0.0170798	0.09109229	0.00165565
146.2	0.02729374	0.0170798	0.09109229	0.00169934
146.3	0.02729374	0.0170798	0.09109229	0.00166353
146.4	0.02729374	0.0170798	0.09109229	0.00167777
146.5	0.02729374	0.0170798	0.09109229	0.00154953
146.6	0.02729374	0.0170798	0.09109229	0.00159512
146.7	0.02729374	0.0170798	0.09109229	0.00165912
146.8	0.02729374	0.0170798	0.09109229	0.00183588
146.9	0.02729374	0.0170798	0.09109229	0.00174557
147	0.02729374	0.0170798	0.09109229	0.00160874
147.1	0.02729374	0.0170798	0.09109229	0.0016164
147.2	0.02729374	0.0170798	0.09109229	0.00159021
147.3	0.02729374	0.0170798	0.09109229	0.00177395
147.4	0.02729374	0.0170798	0.09109229	0.00168194
147.5	0.02729374	0.0170798	0.09109229	0.00156293
147.6	0.02729374	0.0170798	0.09109229	0.00168434
147.7	0.02729374	0.0170798	0.09109229	0.00173289
147.8	0.02729374	0.0170798	0.09109229	0.00179052
147.9	0.02729374	0.0170798	0.09109229	0.00169259
148	0.02729374	0.0170798	0.09109229	0.00163686
148.1	0.02729374	0.0170798	0.09109229	0.00165816
148.2	0.02729374	0.0170798	0.09109229	0.001562
148.3	0.02729374	0.0170798	0.09109229	0.00162631
148.4	0.02729374	0.0170798	0.09109229	0.00167933
148.5	0.02729374	0.0170798	0.09109229	0.00158065
148.6	0.02729374	0.0170798	0.09109229	0.00164781
148.7	0.02729374	0.0170798	0.09109229	0.00175664
148.8	0.02729374	0.0170798	0.09109229	0.00184655
148.9	0.02729374	0.0170798	0.09109229	0.0016755
149	0.02729374	0.0170798	0.09109229	0.00170345
149.1	0.02729374	0.0170798	0.09109229	0.00160625
149.2	0.02729374	0.0170798	0.09109229	0.00154108
149.3	0.02729374	0.0170798	0.09109229	0.00178026
149.4	0.02729374	0.0170798	0.09109229	0.00174635
149.5	0.02729374	0.0170798	0.09109229	0.00164182
149.6	0.02729374	0.0170798	0.09109229	0.00169868
149.7	0.02729374	0.0170798	0.09109229	0.00173987
149.8	0.02729374	0.0170798	0.09109229	0.00157842
149.9	0.02729374	0.0170798	0.09109229	0.00166104
150	0.02729374	0.0170798	0.09109229	0.00175074
150.1	0.02729374	0.0170798	0.09109229	0.00177207
150.2	0.02729374	0.0170798	0.09109229	0.00155171
150.3	0.02729374	0.0170798	0.09109229	0.00174668
150.4	0.02729374	0.0170798	0.09109229	0.00171981
150.5	0.02729374	0.0170798	0.09109229	0.00178486
150.6	0.02729374	0.0170798	0.09109229	0.00184829
150.7	0.02729374	0.0170798	0.09109229	0.0018722
150.8	0.02729374	0.0170798	0.09109229	0.00164555
150.9	0.02729374	0.0170798	0.09109229	0.00174493
151	0.02729374	0.0170798	0.09109229	0.00166667
151.1	0.02729374	0.0170798	0.09109229	0.00181921
151.2	0.02729374	0.0170798	0.09109229	0.00175878
151.3	0.02729374	0.0170798	0.09109229	0.00164511
151.4	0.02729374	0.0170798	0.09109229	0.00182185
151.5	0.02729374	0.0170798	0.09109229	0.00174258
151.6	0.02729374	0.0170798	0.09109229	0.00154365
151.7	0.02729374	0.0170798	0.09109229	0.00169577
151.8	0.02729374	0.0170798	0.09109229	0.00164805
151.9	0.02729374	0.0170798	0.09109229	0.00177012
152	0.02729374	0.0170798	0.09109229	0.00165049
152.1	0.02729374	0.0170798	0.09109229	0.00169839
152.2	0.02729374	0.0170798	0.09109229	0.00181734
152.3	0.02729374	0.0170798	0.09109229	0.00181411
152.4	0.02729374	0.0170798	0.09109229	0.00185591
152.5	0.02729374	0.0170798	0.09109229	0.00184051
152.6	0.02729374	0.0170798	0.09109229	0.0016776
152.7	0.02729374	0.0170798	0.09109229	0.00157639
152.8	0.02729374	0.0170798	0.09109229	0.00167333
152.9	0.02729374	0.0170798	0.09109229	0.00177689
153	0.02729374	0.0170798	0.09109229	0.00174627
153.1	0.02729374	0.0170798	0.09109229	0.00164296
153.2	0.02729374	0.0170798	0.09109229	0.00160439
153.3	0.02729374	0.0170798	0.09109229	0.00184014
153.4	0.02729374	0.0170798	0.09109229	0.00156393
153.5	0.02729374	0.0170798	0.09109229	0.00166533
153.6	0.02729374	0.0170798	0.09109229	0.00171841
153.7	0.02729374	0.0170798	0.09109229	0.00161027
153.8	0.02729374	0.0170798	0.09109229	0.00167736
153.9	0.02729374	0.0170798	0.09109229	0.00179474
154	0.02729374	0.0170798	0.09109229	0.00162738
154.1	0.02729374	0.0170798	0.09109229	0.0017258
154.2	0.02729374	0.0170798	0.09109229	0.00181509
154.3	0.02729374	0.0170798	0.09109229	0.00170649
154.4	0.02729374	0.0170798	0.09109229	0.0016617
154.5	0.02729374	0.0170798	0.09109229	0.00175337
154.6	0.02729374	0.0170798	0.09109229	0.00164527
154.7	0.02729374	0.0170798	0.09109229	0.00186287
154.8	0.02729374	0.0170798	0.09109229	0.00164673
154.9	0.02729374	0.0170798	0.09109229	0.00175381
155	0.02729374	0.0170798	0.09109229	0.00161704
155.1	0.02729374	0.0170798	0.09109229	0.00175972
155.2	0.02729374	0.0170798	0.09109229	0.00177717
155.3	0.02729374	0.0170798	0.09109229	0.00176745
155.4	0.02729374	0.0170798	0.09109229	0.00185348
155.5	0.02729374	0.0170798	0.09109229	0.00185138
155.6	0.02729374	0.0170798	0.09109229	0.00162139
155.7	0.02729374	0.0170798	0.09109229	0.00176666
155.8	0.02729374	0.0170798	0.09109229	0.00167495
155.9	0.02729374	0.0170798	0.09109229	0.00160704
156	0.02729374	0.0170798	0.09109229	0.00177108
156.1	0.02729374	0.0170798	0.09109229	0.00164138
156.2	0.02729374	0.0170798	0.09109229	0.00187405
156.3	0.02729374	0.0170798	0.09109229	0.00177609
156.4	0.02729374	0.0170798	0.09109229	0.00173204
156.5	0.02729374	0.0170798	0.09109229	0.00157291
156.6	0.02729374	0.0170798	0.09109229	0.00170691
156.7	0.02729374	0.0170798	0.09109229	0.00165664
156.8	0.02729374	0.0170798	0.09109229	0.00165875
156.9	0.02729374	0.0170798	0.09109229	0.00159763
157	0.02729374	0.0170798	0.09109229	0.00154252
157.1	0.02729374	0.0170798	0.09109229	0.00162392
157.2	0.02729374	0.0170798	0.09109229	0.00160003
157.3	0.02729374	0.0170798	0.09109229	0.00169842
157.4	0.02729374	0.0170798	0.09109229	0.00184834
157.5	0.02729374	0.0170798	0.09109229	0.00157136
157.6	0.02729374	0.0170798	0.09109229	0.00167568
157.7	0.02729374	0.0170798	0.09109229	0.00157507
157.8	0.02729374	0.0170798	0.09109229	0.00158916
157.9	0.02729374	0.0170798	0.09109229	0.0015458
158	0.02729374	0.0170798	0.09109229	0.00185679
158.1	0.02729374	0.0170798	0.09109229	0.00156905
158.2	0.02729374	0.0170798	0.09109229	0.0017708
158.3	0.02729374	0.0170798	0.09109229	0.00162111
158.4	0.02729374	0.0170798	0.09109229	0.00176624
158.5	0.02729374	0.0170798	0.09109229	0.00186587
158.6	0.02729374	0.0170798	0.09109229	0.00180322
158.7	0.02729374	0.0170798	0.09109229	0.00178288
158.8	0.02729374	0.0170798	0.09109229	0.00156419
158.9	0.02729374	0.0170798	0.09109229	0.00185577
159	0.02729374	0.0170798	0.09109229	0.00182794
159.1	0.02729374	0.0170798	0.09109229	0.00168407
159.2	0.02729374	0.0170798	0.09109229	0.00164043
159.3	0.02729374	0.0170798	0.09109229	0.00182875
159.4	0.02729374	0.0170798	0.09109229	0.00162488
159.5	0.02729374	0.0170798	0.09109229	0.00186684
159.6	0.02729374	0.0170798	0.09109229	0.00157603
159.7	0.02729374	0.0170798	0.09109229	0.00167974
159.8	0.02729374	0.0170798	0.09109229	0.00170951
159.9	0.02729374	0.0170798	0.09109229	0.00169075
160	0.02729374	0.0170798	0.09109229	0.00186204
160.1	0.02729374	0.0170798	0.09109229	0.00167066
160.2	0.02729374	0.0170798	0.09109229	0.00161295
160.3	0.02729374	0.0170798	0.09109229	0.00177092
160.4	0.02729374	0.0170798	0.09109229	0.00159266
160.5	0.02729374	0.0170798	0.09109229	0.0016632
160.6	0.02729374	0.0170798	0.09109229	0.00171269
160.7	0.02729374	0.0170798	0.09109229	0.00163729
160.8	0.02729374	0.0170798	0.09109229	0.00172612
160.9	0.02729374	0.0170798	0.09109229	0.00161717
161	0.02729374	0.0170798	0.09109229	0.0015622
161.1	0.02729374	0.0170798	0.09109229	0.00161682
161.2	0.02729374	0.0170798	0.09109229	0.0016351
161.3	0.02729374	0.0170798	0.09109229	0.00167014
161.4	0.02729374	0.0170798	0.09109229	0.00169612
161.5	0.02729374	0.0170798	0.09109229	0.00169713
161.6	0.02729374	0.0170798	0.09109229	0.00186791
161.7	0.02729374	0.0170798	0.09109229	0.00164726
161.8	0.02729374	0.0170798	0.09109229	0.00173194
161.9	0.02729374	0.0170798	0.09109229	0.00166805
162	0.02729374	0.0170798	0.09109229	0.00178099
162.1	0.02729374	0.0170798	0.09109229	0.00173031
162.2	0.02729374	0.0170798	0.09109229	0.00157474
162.3	0.02729374	0.0170798	0.09109229	0.00186794
162.4	0.02729374	0.0170798	0.09109229	0.0016656
162.5	0.02729374	0.0170798	0.09109229	0.00179773
162.6	0.02729374	0.0170798	0.09109229	0.00166987
162.7	0.02729374	0.0170798	0.09109229	0.00154641
162.8	0.02729374	0.0170798	0.09109229	0.00183438
162.9	0.02729374	0.0170798	0.09109229	0.00180445
163	0.02729374	0.0170798	0.09109229	0.0017617
163.1	0.02729374	0.0170798	0.09109229	0.00181786
163.2	0.02729374	0.0170798	0.09109229	0.00159519
163.3	0.02729374	0.0170798	0.09109229	0.00184464
163.4	0.02729374	0.0170798	0.09109229	0.00171839
163.5	0.02729374	0.0170798	0.09109229	0.00180463
163.6	0.02729374	0.0170798	0.09109229	0.00173579
163.7	0.02729374	0.0170798	0.09109229	0.00180533
163.8	0.02729374	0.0170798	0.09109229	0.00183322
163.9	0.02729374	0.0170798	0.09109229	0.00156832
164	0.02729374	0.0170798	0.09109229	0.00158269
164.1	0.02729374	0.0170798	0.09109229	0.00185626
164.2	0.02729374	0.0170798	0.09109229	0.00185481
164.3	0.02729374	0.0170798	0.09109229	0.00181339
164.4	0.02729374	0.0170798	0.09109229	0.00175518
164.5	0.02729374	0.0170798	0.09109229	0.00157358
164.6	0.02729374	0.0170798	0.09109229	0.00169375
164.7	0.02729374	0.0170798	0.09109229	0.00167741
164.8	0.02729374	0.0170798	0.09109229	0.00161756
164.9	0.02729374	0.0170798	0.09109229	0.0016788
165	0.02729374	0.0170798	0.09109229	0.0016557
165.1	0.02729374	0.0170798	0.09109229	0.0016354
165.2	0.02729374	0.0170798	0.09109229	0.00155708
165.3	0.02729374	0.0170798	0.09109229	0.00157291
165.4	0.02729374	0.0170798	0.09109229	0.00165316
165.5	0.02729374	0.0170798	0.09109229	0.0018365
165.6	0.02729374	0.0170798	0.09109229	0.00180649
165.7	0.02729374	0.0170798	0.09109229	0.00171638
165.8	0.02729374	0.0170798	0.09109229	0.00160524
165.9	0.02729374	0.0170798	0.09109229	0.00187514
166	0.02729374	0.0170798	0.09109229	0.00186504
166.1	0.02729374	0.0170798	0.09109229	0.00178701
166.2	0.02729374	0.0170798	0.09109229	0.001706
166.3	0.02729374	0.0170798	0.09109229	0.00157273
166.4	0.02729374	0.0170798	0.09109229	0.00178727
166.5	0.02729374	0.0170798	0.09109229	0.00163757
166.6	0.02729374	0.0170798	0.09109229	0.00178663
166.7	0.02729374	0.0170798	0.09109229	0.00167381
166.8	0.02729374	0.0170798	0.09109229	0.00176988
166.9	0.02729374	0.0170798	0.09109229	0.00185643
167	0.02729374	0.0170798	0.09109229	0.00171468
167.1	0.02729374	0.0170798	0.09109229	0.00172817
167.2	0.02729374	0.0170798	0.09109229	0.00162956
167.3	0.02729374	0.0170798	0.09109229	0.00157307
167.4	0.02729374	0.0170798	0.09109229	0.00166071
167.5	0.02729374	0.0170798	0.09109229	0.00181171
167.6	0.02729374	0.0170798	0.09109229	0.00179001
167.7	0.02729374	0.0170798	0.09109229	0.00166291
167.8	0.02729374	0.0170798	0.09109229	0.00155321
167.9	0.02729374	0.0170798	0.09109229	0.0017946
168	0.02729374	0.0170798	0.09109229	0.00167261
168.1	0.02729374	0.0170798	0.09109229	0.00169284
168.2	0.02729374	0.0170798	0.09109229	0.00156888
168.3	0.02729374	0.0170798	0.09109229	0.00167975
168.4	0.02729374	0.0170798	0.09109229	0.00165371
168.5	0.02729374	0.0170798	0.09109229	0.00179359
168.6	0.02729374	0.0170798	0.09109229	0.0017218
168.7	0.02729374	0.0170798	0.09109229	0.00164042
168.8	0.02729374	0.0170798	0.09109229	0.00181518
168.9	0.02729374	0.0170798	0.09109229	0.00157061
169	0.02729374	0.0170798	0.09109229	0.0016164
169.1	0.02729374	0.0170798	0.09109229	0.00154565
169.2	0.02729374	0.0170798	0.09109229	0.00158051
169.3	0.02729374	0.0170798	0.09109229	0.00185563
169.4	0.02729374	0.0170798	0.09109229	0.00160761
169.5	0.02729374	0.0170798	0.09109229	0.0017107
169.6	0.02729374	0.0170798	0.09109229	0.00184147
169.7	0.02729374	0.0170798	0.09109229	0.00185738
169.8	0.02729374	0.0170798	0.09109229	0.00166144
169.9	0.02729374	0.0170798	0.09109229	0.0017336
170	0.02729374	0.0170798	0.09109229	0.00184199
170.1	0.02729374	0.0170798	0.09109229	0.00183913
170.2	0.02729374	0.0170798	0.09109229	0.00158953
170.3	0.02729374	0.0170798	0.09109229	0.00170557
170.4	0.02729374	0.0170798	0.09109229	0.00187054
170.5	0.02729374	0.0170798	0.09109229	0.00185588
170.6	0.02729374	0.0170798	0.09109229	0.00177358
170.7	0.02729374	0.0170798	0.09109229	0.00185453
170.8	0.02729374	0.0170798	0.09109229	0.00172854
170.9	0.02729374	0.0170798	0.09109229	0.00165018
171	0.02729374	0.0170798	0.09109229	0.00187483
171.1	0.02729374	0.0170798	0.09109229	0.00180103
171.2	0.02729374	0.0170798	0.09109229	0.00182847
171.3	0.02729374	0.0170798	0.09109229	0.00170535
171.4	0.02729374	0.0170798	0.09109229	0.00186949
171.5	0.02729374	0.0170798	0.09109229	0.00157104
171.6	0.02729374	0.0170798	0.09109229	0.00169853
171.7	0.02729374	0.0170798	0.09109229	0.00156819
171.8	0.02729374	0.0170798	0.09109229	0.00182644
171.9	0.02729374	0.0170798	0.09109229	0.00172337
172	0.02729374	0.0170798	0.09109229	0.00164403
172.1	0.02729374	0.0170798	0.09109229	0.00177048
172.2	0.02729374	0.0170798	0.09109229	0.00179353
172.3	0.02729374	0.0170798	0.09109229	0.00163227
172.4	0.02729374	0.0170798	0.09109229	0.00158708
172.5	0.02729374	0.0170798	0.09109229	0.00187451
172.6	0.02729374	0.0170798	0.09109229	0.00165081
172.7	0.02729374	0.0170798	0.09109229	0.00166996
172.8	0.02729374	0.0170798	0.09109229	0.00185442
172.9	0.02729374	0.0170798	0.09109229	0.00157896
173	0.02729374	0.0170798	0.09109229	0.00154674
173.1	0.02729374	0.0170798	0.09109229	0.00165556
173.2	0.02729374	0.0170798	0.09109229	0.00180388
173.3	0.02729374	0.0170798	0.09109229	0.00187387
173.4	0.02729374	0.0170798	0.09109229	0.0016399
173.5	0.02729374	0.0170798	0.09109229	0.00186428
173.6	0.02729374	0.0170798	0.09109229	0.00164818
173.7	0.02729374	0.0170798	0.09109229	0.00177327
173.8	0.02729374	0.0170798	0.09109229	0.00184853
173.9	0.02729374	0.0170798	0.09109229	0.00172592
174	0.02729374	0.0170798	0.09109229	0.00159258
174.1	0.02729374	0.0170798	0.09109229	0.00162218
174.2	0.02729374	0.0170798	0.09109229	0.00156002
174.3	0.02729374	0.0170798	0.09109229	0.00171134
174.4	0.02729374	0.0170798	0.09109229	0.00174522
174.5	0.02729374	0.0170798	0.09109229	0.00186068
174.6	0.02729374	0.0170798	0.09109229	0.00170581
174.7	0.02729374	0.0170798	0.09109229	0.00184777
174.8	0.02729374	0.0170798	0.09109229	0.00167803
174.9	0.02729374	0.0170798	0.09109229	0.001678
175	0.02729374	0.0170798	0.09109229	0.00178673
175.1	0.02729374	0.0170798	0.09109229	0.00174793
175.2	0.02729374	0.0170798	0.09109229	0.00160779
175.3	0.02729374	0.0170798	0.09109229	0.00156763
175.4	0.02729374	0.0170798	0.09109229	0.00172821
175.5	0.02729374	0.0170798	0.09109229	0.0017709
175.6	0.02729374	0.0170798	0.09109229	0.00172639
175.7	0.02729374	0.0170798	0.09109229	0.00155487
175.8	0.02729374	0.0170798	0.09109229	0.00168477
175.9	0.02729374	0.0170798	0.09109229	0.00164888
176	0.02729374	0.0170798	0.09109229	0.00169594
176.1	0.02729374	0.0170798	0.09109229	0.0016944
176.2	0.02729374	0.0170798	0.09109229	0.00175576
176.3	0.02729374	0.0170798	0.09109229	0.00154945
176.4	0.02729374	0.0170798	0.09109229	0.00160709
176.5	0.02729374	0.0170798	0.09109229	0.00155132
176.6	0.02729374	0.0170798	0.09109229	0.0015931
176.7	0.02729374	0.0170798	0.09109229	0.00169722
176.8	0.02729374	0.0170798	0.09109229	0.0015954
176.9	0.02729374	0.0170798	0.09109229	0.00153735
177	0.02729374	0.0170798	0.09109229	0.00157601
177.1	0.02729374	0.0170798	0.09109229	0.00158673
177.2	0.02729374	0.0170798	0.09109229	0.00161925
177.3	0.02729374	0.0170798	0.09109229	0.00171088
177.4	0.02729374	0.0170798	0.09109229	0.00164645
177.5	0.02729374	0.0170798	0.09109229	0.00165043
177.6	0.02729374	0.0170798	0.09109229	0.00171749
177.7	0.02729374	0.0170798	0.09109229	0.00158729
177.8	0.02729374	0.0170798	0.09109229	0.00169797
177.9	0.02729374	0.0170798	0.09109229	0.001779
178	0.02729374	0.0170798	0.09109229	0.00158933
178.1	0.02729374	0.0170798	0.09109229	0.00174007
178.2	0.02729374	0.0170798	0.09109229	0.00163301
178.3	0.02729374	0.0170798	0.09109229	0.00171409
178.4	0.02729374	0.0170798	0.09109229	0.00187762
178.5	0.02729374	0.0170798	0.09109229	0.001761
178.6	0.02729374	0.0170798	0.09109229	0.00163856
178.7	0.02729374	0.0170798	0.09109229	0.00179152
178.8	0.02729374	0.0170798	0.09109229	0.00173499
178.9	0.02729374	0.0170798	0.09109229	0.00177189
179	0.02729374	0.0170798	0.09109229	0.00181952
179.1	0.02729374	0.0170798	0.09109229	0.00158846
179.2	0.02729374	0.0170798	0.09109229	0.00184231
179.3	0.02729374	0.0170798	0.09109229	0.00170386
179.4	0.02729374	0.0170798	0.09109229	0.00187546
179.5	0.02729374	0.0170798	0.09109229	0.00160091
179.6	0.02729374	0.0170798	0.09109229	0.00166303
179.7	0.02729374	0.0170798	0.09109229	0.00163597
179.8	0.02729374	0.0170798	0.09109229	0.00178193
179.9	0.02729374	0.0170798	0.09109229	0.00163009
180	0.02729374	0.0170798	0.09109229	0.001725
180.1	0.02729374	0.0170798	0.09109229	0.00184325
180.2	0.02729374	0.0170798	0.09109229	0.00156181
180.3	0.02729374	0.0170798	0.09109229	0.00170458
180.4	0.02729374	0.0170798	0.09109229	0.00168385
180.5	0.02729374	0.0170798	0.09109229	0.00164278
180.6	0.02729374	0.0170798	0.09109229	0.00170667
180.7	0.02729374	0.0170798	0.09109229	0.00182079
180.8	0.02729374	0.0170798	0.09109229	0.00174217
180.9	0.02729374	0.0170798	0.09109229	0.00170844
181	0.02729374	0.0170798	0.09109229	0.00175981
181.1	0.02729374	0.0170798	0.09109229	0.00160357
181.2	0.02729374	0.0170798	0.09109229	0.00163684
181.3	0.02729374	0.0170798	0.09109229	0.00161898
181.4	0.02729374	0.0170798	0.09109229	0.00173282
181.5	0.02729374	0.0170798	0.09109229	0.00171929
181.6	0.02729374	0.0170798	0.09109229	0.00166075
181.7	0.02729374	0.0170798	0.09109229	0.00174563
181.8	0.02729374	0.0170798	0.09109229	0.00169016
181.9	0.02729374	0.0170798	0.09109229	0.00168703
182	0.02729374	0.0170798	0.09109229	0.00162669
182.1	0.02729374	0.0170798	0.09109229	0.00175424
182.2	0.02729374	0.0170798	0.09109229	0.00165385
182.3	0.02729374	0.0170798	0.09109229	0.00174771
182.4	0.02729374	0.0170798	0.09109229	0.00170663
182.5	0.02729374	0.0170798	0.09109229	0.00158574
182.6	0.02729374	0.0170798	0.09109229	0.00159131
182.7	0.02729374	0.0170798	0.09109229	0.00164576
182.8	0.02729374	0.0170798	0.09109229	0.00173137
182.9	0.02729374	0.0170798	0.09109229	0.00156534
183	0.02729374	0.0170798	0.09109229	0.00187837
183.1	0.02729374	0.0170798	0.09109229	0.00163893
183.2	0.02729374	0.0170798	0.09109229	0.00157221
183.3	0.02729374	0.0170798	0.09109229	0.00181678
183.4	0.02729374	0.0170798	0.09109229	0.00179755
183.5	0.02729374	0.0170798	0.09109229	0.0016414
183.6	0.02729374	0.0170798	0.09109229	0.00176882
183.7	0.02729374	0.0170798	0.09109229	0.00170491
183.8	0.02729374	0.0170798	0.09109229	0.0018619
183.9	0.02729374	0.0170798	0.09109229	0.00154057
184	0.02729374	0.0170798	0.09109229	0.00157842
184.1	0.02729374	0.0170798	0.09109229	0.00183291
184.2	0.02729374	0.0170798	0.09109229	0.00177001
184.3	0.02729374	0.0170798	0.09109229	0.00161507
184.4	0.02729374	0.0170798	0.09109229	0.00159393
184.5	0.02729374	0.0170798	0.09109229	0.00155282
184.6	0.02729374	0.0170798	0.09109229	0.00172014
184.7	0.02729374	0.0170798	0.09109229	0.00179553
184.8	0.02729374	0.0170798	0.09109229	0.00157305
184.9	0.02729374	0.0170798	0.09109229	0.00174328
185	0.02729374	0.0170798	0.09109229	0.00166342
185.1	0.02729374	0.0170798	0.09109229	0.00159464
185.2	0.02729374	0.0170798	0.09109229	0.00187231
185.3	0.02729374	0.0170798	0.09109229	0.00156904
185.4	0.02729374	0.0170798	0.09109229	0.00180756
185.5	0.02729374	0.0170798	0.09109229	0.00184932
185.6	0.02729374	0.0170798	0.09109229	0.00156554
185.7	0.02729374	0.0170798	0.09109229	0.00183872
185.8	0.02729374	0.0170798	0.09109229	0.00177596
185.9	0.02729374	0.0170798	0.09109229	0.00180626
186	0.02729374	0.0170798	0.09109229	0.0018314
186.1	0.02729374	0.0170798	0.09109229	0.00180411
186.2	0.02729374	0.0170798	0.09109229	0.00154333
186.3	0.02729374	0.0170798	0.09109229	0.00168233
186.4	0.02729374	0.0170798	0.09109229	0.00183789
186.5	0.02729374	0.0170798	0.09109229	0.00162881
186.6	0.02729374	0.0170798	0.09109229	0.0016825
186.7	0.02729374	0.0170798	0.09109229	0.00158424
186.8	0.02729374	0.0170798	0.09109229	0.00157469
186.9	0.02729374	0.0170798	0.09109229	0.00157384
187	0.02729374	0.0170798	0.09109229	0.00181977
187.1	0.02729374	0.0170798	0.09109229	0.00165974
187.2	0.02729374	0.0170798	0.09109229	0.00186911
187.3	0.02729374	0.0170798	0.09109229	0.00169685
187.4	0.02729374	0.0170798	0.09109229	0.00164636
187.5	0.02729374	0.0170798	0.09109229	0.00167297
187.6	0.02729374	0.0170798	0.09109229	0.0016813
187.7	0.02729374	0.0170798	0.09109229	0.00158161
187.8	0.02729374	0.0170798	0.09109229	0.00155414
187.9	0.02729374	0.0170798	0.09109229	0.00157135
188	0.02729374	0.0170798	0.09109229	0.00171851
188.1	0.02729374	0.0170798	0.09109229	0.00156926
188.2	0.02729374	0.0170798	0.09109229	0.00181611
188.3	0.02729374	0.0170798	0.09109229	0.00186041
188.4	0.02729374	0.0170798	0.09109229	0.00186121
188.5	0.02729374	0.0170798	0.09109229	0.00184283
188.6	0.02729374	0.0170798	0.09109229	0.00177653
188.7	0.02729374	0.0170798	0.09109229	0.00168643
188.8	0.02729374	0.0170798	0.09109229	0.00154135
188.9	0.02729374	0.0170798	0.09109229	0.00158731
189	0.02729374	0.0170798	0.09109229	0.0017396
189.1	0.02729374	0.0170798	0.09109229	0.00171034
189.2	0.02729374	0.0170798	0.09109229	0.00184836
189.3	0.02729374	0.0170798	0.09109229	0.00181752
189.4	0.02729374	0.0170798	0.09109229	0.00161456
189.5	0.02729374	0.0170798	0.09109229	0.00154507
189.6	0.02729374	0.0170798	0.09109229	0.00163864
189.7	0.02729374	0.0170798	0.09109229	0.00181791
189.8	0.02729374	0.0170798	0.09109229	0.00184614
189.9	0.02729374	0.0170798	0.09109229	0.0015871
190	0.02729374	0.0170798	0.09109229	0.00171603
190.1	0.02729374	0.0170798	0.09109229	0.00164651
190.2	0.02729374	0.0170798	0.09109229	0.00171673
190.3	0.02729374	0.0170798	0.09109229	0.0016084
190.4	0.02729374	0.0170798	0.09109229	0.00167824
190.5	0.02729374	0.0170798	0.09109229	0.00158123
190.6	0.02729374	0.0170798	0.09109229	0.00178037
190.7	0.02729374	0.0170798	0.09109229	0.00179847
190.8	0.02729374	0.0170798	0.09109229	0.0018191
190.9	0.02729374	0.0170798	0.09109229	0.00156514
191	0.02729374	0.0170798	0.09109229	0.0016779
191.1	0.02729374	0.0170798	0.09109229	0.00163113
191.2	0.02729374	0.0170798	0.09109229	0.00176319
191.3	0.02729374	0.0170798	0.09109229	0.00153756
191.4	0.02729374	0.0170798	0.09109229	0.0018205
191.5	0.02729374	0.0170798	0.09109229	0.00178276
191.6	0.02729374	0.0170798	0.09109229	0.00178975
191.7	0.02729374	0.0170798	0.09109229	0.00183791
191.8	0.02729374	0.0170798	0.09109229	0.00154926
191.9	0.02729374	0.0170798	0.09109229	0.0017408
192	0.02729374	0.0170798	0.09109229	0.00177832
192.1	0.02729374	0.0170798	0.09109229	0.00160708
192.2	0.02729374	0.0170798	0.09109229	0.00177186
192.3	0.02729374	0.0170798	0.09109229	0.00177324
192.4	0.02729374	0.0170798	0.09109229	0.00162907
192.5	0.02729374	0.0170798	0.09109229	0.00161417
192.6	0.02729374	0.0170798	0.09109229	0.00181632
192.7	0.02729374	0.0170798	0.09109229	0.00156709
192.8	0.02729374	0.0170798	0.09109229	0.00175723
192.9	0.02729374	0.0170798	0.09109229	0.00170709
193	0.02729374	0.0170798	0.09109229	0.00178811
193.1	0.02729374	0.0170798	0.09109229	0.0017067
193.2	0.02729374	0.0170798	0.09109229	0.00175872
193.3	0.02729374	0.0170798	0.09109229	0.00154206
193.4	0.02729374	0.0170798	0.09109229	0.00164746
193.5	0.02729374	0.0170798	0.09109229	0.00181696
193.6	0.02729374	0.0170798	0.09109229	0.00180359
193.7	0.02729374	0.0170798	0.09109229	0.00187461
193.8	0.02729374	0.0170798	0.09109229	0.00176852
193.9	0.02729374	0.0170798	0.09109229	0.00178164
194	0.02729374	0.0170798	0.09109229	0.00179746
194.1	0.02729374	0.0170798	0.09109229	0.00173963
194.2	0.02729374	0.0170798	0.09109229	0.00180993
194.3	0.02729374	0.0170798	0.09109229	0.00157638
194.4	0.02729374	0.0170798	0.09109229	0.00185849
194.5	0.02729374	0.0170798	0.09109229	0.00179618
194.6	0.02729374	0.0170798	0.09109229	0.00169627
194.7	0.02729374	0.0170798	0.09109229	0.00155967
194.8	0.02729374	0.0170798	0.09109229	0.00169642
194.9	0.02729374	0.0170798	0.09109229	0.00175977
195	0.02729374	0.0170798	0.09109229	0.00176971
195.1	0.02729374	0.0170798	0.09109229	0.00165382
195.2	0.02729374	0.0170798	0.09109229	0.0018549
195.3	0.02729374	0.0170798	0.09109229	0.00173567
195.4	0.02729374	0.0170798	0.09109229	0.00185858
195.5	0.02729374	0.0170798	0.09109229	0.00177754
195.6	0.02729374	0.0170798	0.09109229	0.00186261
195.7	0.02729374	0.0170798	0.09109229	0.00173573
195.8	0.02729374	0.0170798	0.09109229	0.0015548
195.9	0.02729374	0.0170798	0.09109229	0.00166322
196	0.02729374	0.0170798	0.09109229	0.00179234
196.1	0.02729374	0.0170798	0.09109229	0.0017101
196.2	0.02729374	0.0170798	0.09109229	0.00178648
196.3	0.02729374	0.0170798	0.09109229	0.00181811
196.4	0.02729374	0.0170798	0.09109229	0.00167204
196.5	0.02729374	0.0170798	0.09109229	0.0018449
196.6	0.02729374	0.0170798	0.09109229	0.00183396
196.7	0.02729374	0.0170798	0.09109229	0.00183467
196.8	0.02729374	0.0170798	0.09109229	0.00177355
196.9	0.02729374	0.0170798	0.09109229	0.00174238
197	0.02729374	0.0170798	0.09109229	0.001546
197.1	0.02729374	0.0170798	0.09109229	0.00185245
197.2	0.02729374	0.0170798	0.09109229	0.00179877
197.3	0.02729374	0.0170798	0.09109229	0.00187169
197.4	0.02729374	0.0170798	0.09109229	0.00170937
197.5	0.02729374	0.0170798	0.09109229	0.00161214
197.6	0.02729374	0.0170798	0.09109229	0.001597
197.7	0.02729374	0.0170798	0.09109229	0.00185403
197.8	0.02729374	0.0170798	0.09109229	0.00159595
197.9	0.02729374	0.0170798	0.09109229	0.00156255
198	0.02729374	0.0170798	0.09109229	0.00175348
198.1	0.02729374	0.0170798	0.09109229	0.00158077
198.2	0.02729374	0.0170798	0.09109229	0.00167146
198.3	0.02729374	0.0170798	0.09109229	0.00184149
198.4	0.02729374	0.0170798	0.09109229	0.00166444
198.5	0.02729374	0.0170798	0.09109229	0.0018348
198.6	0.02729374	0.0170798	0.09109229	0.00180945
198.7	0.02729374	0.0170798	0.09109229	0.00156724
198.8	0.02729374	0.0170798	0.09109229	0.00164576
198.9	0.02729374	0.0170798	0.09109229	0.00174071
199	0.02729374	0.0170798	0.09109229	0.00174718
199.1	0.02729374	0.0170798	0.09109229	0.00159017
199.2	0.02729374	0.0170798	0.09109229	0.00171964
199.3	0.02729374	0.0170798	0.09109229	0.00176549
199.4	0.02729374	0.0170798	0.09109229	0.00185708
199.5	0.02729374	0.0170798	0.09109229	0.00183514
199.6	0.02729374	0.0170798	0.09109229	0.0018405
199.7	0.02729374	0.0170798	0.09109229	0.00187095
199.8	0.02729374	0.0170798	0.09109229	0.00171092
199.9	0.02729374	0.0170798	0.09109229	0.00184725
200	0.02729374	0.0170798	0.09109229	0.00170344
