TIME	X:1	R:1	Y:1	noise:1
0	0.04474	0.02753	0.09788	0.00138343
0.1	0.04474037	0.02752999	0.09788019	0.00139423
0.2	0.04474062	0.02752999	0.09788038	0.00132375
0.3	0.04474076	0.02753001	0.09788056	0.00139138
0.4	0.04474081	0.02753002	0.09788073	0.00141103
0.5	0.04474079	0.02753003	0.0978809	0.00139678
0.6	0.04474071	0.02753004	0.09788106	0.00142028
0.7	0.04474059	0.02753005	0.09788122	0.00137015
0.8	0.04474042	0.02753005	0.09788137	0.00132895
0.9	0.04474022	0.02753004	0.09788151	0.0013571
1	0.04474001	0.02753003	0.09788165	0.00136002
1.1	0.04473977	0.02753	0.09788177	0.00132916
1.2	0.04473953	0.02752997	0.09788189	0.00135202
1.3	0.04473928	0.02752993	0.09788199	0.0013986
1.4	0.04473903	0.02752989	0.09788209	0.00132797
1.5	0.04473878	0.02752983	0.09788217	0.00134373
1.6	0.04473855	0.02752977	0.09788224	0.00135467
1.7	0.04473832	0.02752971	0.09788229	0.00134212
1.8	0.04473811	0.02752964	0.09788234	0.00133138
1.9	0.04473792	0.02752957	0.09788237	0.00141481
2	0.04473775	0.0275295	0.09788239	0.00142305
2.1	0.0447376	0.02752942	0.09788239	0.00135261
2.2	0.04473747	0.02752934	0.09788239	0.00133125
2.3	0.04473736	0.02752927	0.09788237	0.0014256
2.4	0.04473729	0.02752919	0.09788234	0.00134099
2.5	0.04473723	0.02752912	0.0978823	0.001369
2.6	0.0447372	0.02752905	0.09788225	0.00141176
2.7	0.0447372	0.02752899	0.09788219	0.0014242
2.8	0.04473721	0.02752893	0.09788213	0.00139376
2.9	0.04473726	0.02752887	0.09788206	0.00140832
3	0.04473732	0.02752882	0.09788199	0.00139156
3.1	0.0447374	0.02752878	0.09788191	0.0014261
3.2	0.0447375	0.02752875	0.09788182	0.00140867
3.3	0.04473762	0.02752872	0.09788174	0.00140839
3.4	0.04473775	0.02752869	0.09788166	0.00141427
3.5	0.04473789	0.02752868	0.09788157	0.00134833
3.6	0.04473804	0.02752867	0.09788149	0.00138017
3.7	0.0447382	0.02752867	0.09788141	0.00135122
3.8	0.04473836	0.02752867	0.09788134	0.00135273
3.9	0.04473853	0.02752868	0.09788127	0.00134263
4	0.0447387	0.0275287	0.0978812	0.00134189
4.1	0.04473886	0.02752872	0.09788114	0.00140494
4.2	0.04473902	0.02752875	0.09788109	0.00141786
4.3	0.04473918	0.02752878	0.09788105	0.00135013
4.4	0.04473933	0.02752882	0.09788101	0.00138292
4.5	0.04473947	0.02752886	0.09788098	0.00136747
4.6	0.04473959	0.0275289	0.09788095	0.00133874
4.7	0.04473971	0.02752894	0.09788094	0.00132859
4.8	0.04473981	0.02752899	0.09788093	0.0014256
4.9	0.0447399	0.02752903	0.09788093	0.00132453
5	0.04473998	0.02752908	0.09788094	0.00135806
5.1	0.04474004	0.02752912	0.09788095	0.00138761
5.2	0.04474008	0.02752917	0.09788097	0.00141413
5.3	0.04474011	0.02752921	0.097881	0.0013461
5.4	0.04474012	0.02752925	0.09788103	0.00139101
5.5	0.04474012	0.02752929	0.09788106	0.00138354
5.6	0.0447401	0.02752933	0.09788111	0.00139377
5.7	0.04474007	0.02752936	0.09788115	0.00133566
5.8	0.04474003	0.02752939	0.0978812	0.00134397
5.9	0.04473998	0.02752941	0.09788125	0.00138403
6	0.04473991	0.02752943	0.0978813	0.00133163
6.1	0.04473984	0.02752945	0.09788135	0.0013615
6.2	0.04473976	0.02752946	0.0978814	0.00133624
6.3	0.04473967	0.02752947	0.09788145	0.00142542
6.4	0.04473957	0.02752947	0.0978815	0.00134242
6.5	0.04473948	0.02752947	0.09788154	0.00135432
6.6	0.04473938	0.02752947	0.09788159	0.00137982
6.7	0.04473927	0.02752946	0.09788163	0.00139476
6.8	0.04473917	0.02752945	0.09788167	0.00137188
6.9	0.04473907	0.02752943	0.0978817	0.00135421
7	0.04473897	0.02752942	0.09788173	0.00132529
7.1	0.04473888	0.0275294	0.09788176	0.00141427
7.2	0.04473879	0.02752937	0.09788178	0.00141428
7.3	0.04473871	0.02752935	0.0978818	0.00138363
7.4	0.04473864	0.02752932	0.09788181	0.00137218
7.5	0.04473857	0.0275293	0.09788182	0.00133011
7.6	0.04473851	0.02752927	0.09788182	0.00139922
7.7	0.04473846	0.02752924	0.09788182	0.00133121
7.8	0.04473842	0.02752921	0.09788182	0.00139134
7.9	0.04473838	0.02752918	0.09788181	0.00141757
8	0.04473836	0.02752916	0.09788179	0.00135605
8.1	0.04473835	0.02752913	0.09788177	0.00132708
8.2	0.04473834	0.02752911	0.09788175	0.00142279
8.3	0.04473834	0.02752908	0.09788173	0.00133552
8.4	0.04473836	0.02752906	0.09788171	0.00140429
8.5	0.04473838	0.02752905	0.09788168	0.00142521
8.6	0.04473841	0.02752903	0.09788165	0.00134862
8.7	0.04473844	0.02752901	0.09788162	0.00139671
8.8	0.04473848	0.027529	0.09788159	0.00137984
8.9	0.04473853	0.02752899	0.09788156	0.00137644
9	0.04473858	0.02752899	0.09788153	0.00141597
9.1	0.04473864	0.02752898	0.0978815	0.00139738
9.2	0.0447387	0.02752898	0.09788147	0.00137966
9.3	0.04473876	0.02752898	0.09788144	0.00137231
9.4	0.04473882	0.02752899	0.09788141	0.00136233
9.5	0.04473888	0.02752899	0.09788139	0.00137556
9.6	0.04473894	0.027529	0.09788136	0.0013557
9.7	0.044739	0.02752901	0.09788134	0.00132249
9.8	0.04473906	0.02752902	0.09788133	0.001332
9.9	0.04473912	0.02752903	0.09788131	0.001386
10	0.04473917	0.02752905	0.0978813	0.0013433
10.1	0.04473922	0.02752906	0.09788129	0.00139027
10.2	0.04473926	0.02752908	0.09788128	0.00142754
10.3	0.0447393	0.0275291	0.09788128	0.00132284
10.4	0.04473934	0.02752911	0.09788128	0.00137305
10.5	0.04473936	0.02752913	0.09788128	0.00139934
10.6	0.04473939	0.02752915	0.09788128	0.00136256
10.7	0.04473941	0.02752916	0.09788129	0.00141566
10.8	0.04473942	0.02752918	0.0978813	0.0013952
10.9	0.04473942	0.02752919	0.09788131	0.0013547
11	0.04473943	0.02752921	0.09788132	0.00137943
11.1	0.04473942	0.02752922	0.09788134	0.00139206
11.2	0.04473941	0.02752923	0.09788136	0.00140492
11.3	0.0447394	0.02752925	0.09788137	0.00139339
11.4	0.04473938	0.02752926	0.09788139	0.00135802
11.5	0.04473936	0.02752926	0.09788141	0.00137302
11.6	0.04473933	0.02752927	0.09788143	0.0013864
11.7	0.0447393	0.02752928	0.09788145	0.00134502
11.8	0.04473927	0.02752928	0.09788147	0.00138405
11.9	0.04473923	0.02752928	0.09788148	0.00137721
12	0.0447392	0.02752928	0.0978815	0.00135393
12.1	0.04473916	0.02752928	0.09788152	0.00138955
12.2	0.04473912	0.02752928	0.09788153	0.00139438
12.3	0.04473908	0.02752927	0.09788155	0.00139246
12.4	0.04473905	0.02752927	0.09788156	0.00138681
12.5	0.04473901	0.02752926	0.09788157	0.00140892
12.6	0.04473898	0.02752925	0.09788158	0.00139298
12.7	0.04473894	0.02752925	0.09788159	0.00138855
12.8	0.04473891	0.02752924	0.0978816	0.00132259
12.9	0.04473888	0.02752923	0.0978816	0.00133616
13	0.04473886	0.02752922	0.09788161	0.00140171
13.1	0.04473883	0.02752921	0.09788161	0.00139971
13.2	0.04473881	0.0275292	0.09788161	0.00134049
13.3	0.0447388	0.02752919	0.09788161	0.00135321
13.4	0.04473878	0.02752918	0.0978816	0.00136256
13.5	0.04473877	0.02752917	0.0978816	0.0013295
13.6	0.04473877	0.02752916	0.09788159	0.00135613
13.7	0.04473876	0.02752915	0.09788159	0.00138752
13.8	0.04473877	0.02752914	0.09788158	0.0013937
13.9	0.04473877	0.02752913	0.09788157	0.00136345
14	0.04473878	0.02752912	0.09788156	0.00138177
14.1	0.04473879	0.02752912	0.09788155	0.00133272
14.2	0.0447388	0.02752911	0.09788154	0.00139085
14.3	0.04473881	0.02752911	0.09788153	0.00141726
14.4	0.04473883	0.0275291	0.09788151	0.00136507
14.5	0.04473885	0.0275291	0.0978815	0.0013746
14.6	0.04473887	0.0275291	0.09788149	0.00135374
14.7	0.04473889	0.0275291	0.09788148	0.00137289
14.8	0.04473891	0.0275291	0.09788147	0.00138025
14.9	0.04473894	0.0275291	0.09788146	0.00135625
15	0.04473896	0.0275291	0.09788145	0.00141532
15.1	0.04473898	0.0275291	0.09788144	0.00139763
15.2	0.044739	0.02752911	0.09788143	0.00138692
15.3	0.04473903	0.02752911	0.09788143	0.00135792
15.4	0.04473905	0.02752912	0.09788142	0.00139806
15.5	0.04473907	0.02752912	0.09788142	0.00133175
15.6	0.04473909	0.02752913	0.09788141	0.00136153
15.7	0.0447391	0.02752913	0.09788141	0.00136545
15.8	0.04473912	0.02752914	0.09788141	0.00139406
15.9	0.04473913	0.02752915	0.09788141	0.00139936
16	0.04473914	0.02752915	0.09788141	0.00138831
16.1	0.04473915	0.02752916	0.09788141	0.00136324
16.2	0.04473916	0.02752916	0.09788141	0.0014175
16.3	0.04473916	0.02752917	0.09788142	0.00134208
16.4	0.04473917	0.02752918	0.09788142	0.00134471
16.5	0.04473917	0.02752918	0.09788142	0.0014187
16.6	0.04473917	0.02752919	0.09788143	0.00139229
16.7	0.04473916	0.02752919	0.09788143	0.00142774
16.8	0.04473916	0.0275292	0.09788144	0.00135116
16.9	0.04473915	0.0275292	0.09788145	0.00137354
17	0.04473914	0.0275292	0.09788145	0.00138166
17.1	0.04473913	0.0275292	0.09788146	0.00142917
17.2	0.04473912	0.02752921	0.09788147	0.00133993
17.3	0.04473911	0.02752921	0.09788148	0.00140183
17.4	0.0447391	0.02752921	0.09788148	0.00132652
17.5	0.04473909	0.02752921	0.09788149	0.00134147
17.6	0.04473907	0.02752921	0.0978815	0.00139488
17.7	0.04473906	0.02752921	0.0978815	0.00132969
17.8	0.04473904	0.02752921	0.09788151	0.00139709
17.9	0.04473903	0.02752921	0.09788151	0.0013508
18	0.04473902	0.0275292	0.09788152	0.00136816
18.1	0.044739	0.0275292	0.09788152	0.00133926
18.2	0.04473899	0.0275292	0.09788152	0.0013298
18.3	0.04473898	0.02752919	0.09788153	0.00139575
18.4	0.04473897	0.02752919	0.09788153	0.00135669
18.5	0.04473896	0.02752919	0.09788153	0.00133231
18.6	0.04473895	0.02752918	0.09788153	0.00138175
18.7	0.04473894	0.02752918	0.09788153	0.0013441
18.8	0.04473894	0.02752918	0.09788153	0.00136586
18.9	0.04473893	0.02752917	0.09788153	0.00139723
19	0.04473893	0.02752917	0.09788153	0.00138921
19.1	0.04473892	0.02752916	0.09788153	0.0013417
19.2	0.04473892	0.02752916	0.09788152	0.00134391
19.3	0.04473892	0.02752916	0.09788152	0.00135682
19.4	0.04473892	0.02752915	0.09788152	0.0014294
19.5	0.04473893	0.02752915	0.09788151	0.00136012
19.6	0.04473893	0.02752915	0.09788151	0.00138719
19.7	0.04473893	0.02752915	0.09788151	0.00133125
19.8	0.04473894	0.02752915	0.0978815	0.00132917
19.9	0.04473894	0.02752914	0.0978815	0.00135828
20	0.04473895	0.02752914	0.09788149	0.00135907
20.1	0.04473896	0.02752914	0.09788149	0.00133492
20.2	0.04473897	0.02752914	0.09788148	0.00140493
20.3	0.04473897	0.02752914	0.09788148	0.00140121
20.4	0.04473898	0.02752914	0.09788148	0.00141571
20.5	0.04473899	0.02752914	0.09788147	0.00133237
20.6	0.044739	0.02752914	0.09788147	0.0014202
20.7	0.04473901	0.02752914	0.09788147	0.00137181
20.8	0.04473902	0.02752915	0.09788146	0.00137989
20.9	0.04473902	0.02752915	0.09788146	0.00141978
21	0.04473903	0.02752915	0.09788146	0.0013262
21.1	0.04473904	0.02752915	0.09788146	0.00137591
21.2	0.04473905	0.02752915	0.09788146	0.00137721
21.3	0.04473905	0.02752916	0.09788146	0.00133509
21.4	0.04473906	0.02752916	0.09788146	0.00134342
21.5	0.04473906	0.02752916	0.09788146	0.00142075
21.6	0.04473906	0.02752916	0.09788146	0.00134606
21.7	0.04473907	0.02752917	0.09788146	0.00136866
21.8	0.04473907	0.02752917	0.09788146	0.00140259
21.9	0.04473907	0.02752917	0.09788146	0.00135098
22	0.04473907	0.02752917	0.09788146	0.0013861
22.1	0.04473907	0.02752917	0.09788146	0.00133798
22.2	0.04473907	0.02752918	0.09788147	0.00132814
22.3	0.04473907	0.02752918	0.09788147	0.00142367
22.4	0.04473907	0.02752918	0.09788147	0.00140108
22.5	0.04473906	0.02752918	0.09788147	0.00139301
22.6	0.04473906	0.02752918	0.09788148	0.00140854
22.7	0.04473906	0.02752918	0.09788148	0.00139351
22.8	0.04473905	0.02752918	0.09788148	0.00136108
22.9	0.04473905	0.02752918	0.09788148	0.00142244
23	0.04473904	0.02752918	0.09788149	0.00132444
23.1	0.04473904	0.02752918	0.09788149	0.00141621
23.2	0.04473903	0.02752918	0.09788149	0.00134068
23.3	0.04473903	0.02752918	0.09788149	0.00138672
23.4	0.04473902	0.02752918	0.09788149	0.00136112
23.5	0.04473902	0.02752918	0.0978815	0.00137268
23.6	0.04473901	0.02752918	0.0978815	0.00132826
23.7	0.04473901	0.02752918	0.0978815	0.00137436
23.8	0.044739	0.02752918	0.0978815	0.00136292
23.9	0.044739	0.02752918	0.0978815	0.00136609
24	0.044739	0.02752918	0.0978815	0.00136186
24.1	0.04473899	0.02752917	0.0978815	0.00137214
24.2	0.04473899	0.02752917	0.0978815	0.00137657
24.3	0.04473899	0.02752917	0.0978815	0.00139165
24.4	0.04473898	0.02752917	0.0978815	0.0013465
24.5	0.04473898	0.02752917	0.0978815	0.00138311
24.6	0.04473898	0.02752917	0.0978815	0.00133376
24.7	0.04473898	0.02752917	0.0978815	0.00135509
24.8	0.04473898	0.02752916	0.0978815	0.00134968
24.9	0.04473898	0.02752916	0.0978815	0.0014082
25	0.04473898	0.02752916	0.0978815	0.00137909
25.1	0.04473898	0.02752916	0.09788149	0.00136677
25.2	0.04473898	0.02752916	0.09788149	0.00134705
25.3	0.04473899	0.02752916	0.09788149	0.00139028
25.4	0.04473899	0.02752916	0.09788149	0.00135211
25.5	0.04473899	0.02752916	0.09788149	0.00138207
25.6	0.04473899	0.02752916	0.09788149	0.00136557
25.7	0.044739	0.02752916	0.09788148	0.00139575
25.8	0.044739	0.02752916	0.09788148	0.00141916
25.9	0.044739	0.02752916	0.09788148	0.00139533
26	0.04473901	0.02752916	0.09788148	0.0014172
26.1	0.04473901	0.02752916	0.09788148	0.0013755
26.2	0.04473901	0.02752916	0.09788148	0.00134958
26.3	0.04473901	0.02752916	0.09788148	0.00139988
26.4	0.04473902	0.02752916	0.09788148	0.00136113
26.5	0.04473902	0.02752916	0.09788148	0.00136921
26.6	0.04473902	0.02752916	0.09788147	0.00141138
26.7	0.04473903	0.02752916	0.09788147	0.00134087
26.8	0.04473903	0.02752916	0.09788147	0.00133139
26.9	0.04473903	0.02752916	0.09788147	0.00138796
27	0.04473903	0.02752916	0.09788147	0.00141821
27.1	0.04473903	0.02752917	0.09788147	0.00142256
27.2	0.04473903	0.02752917	0.09788147	0.00138323
27.3	0.04473904	0.02752917	0.09788147	0.0014159
27.4	0.04473904	0.02752917	0.09788148	0.00139155
27.5	0.04473904	0.02752917	0.09788148	0.00132381
27.6	0.04473904	0.02752917	0.09788148	0.00136617
27.7	0.04473904	0.02752917	0.09788148	0.00135116
27.8	0.04473904	0.02752917	0.09788148	0.00141928
27.9	0.04473903	0.02752917	0.09788148	0.00133393
28	0.04473903	0.02752917	0.09788148	0.00140139
28.1	0.04473903	0.02752917	0.09788148	0.00142984
28.2	0.04473903	0.02752917	0.09788148	0.00136963
28.3	0.04473903	0.02752917	0.09788148	0.00134072
28.4	0.04473903	0.02752917	0.09788148	0.00136127
28.5	0.04473903	0.02752917	0.09788148	0.00142131
28.6	0.04473902	0.02752917	0.09788149	0.00140386
28.7	0.04473902	0.02752917	0.09788149	0.00140203
28.8	0.04473902	0.02752917	0.09788149	0.00134261
28.9	0.04473902	0.02752917	0.09788149	0.00135835
29	0.04473902	0.02752917	0.09788149	0.00138982
29.1	0.04473901	0.02752917	0.09788149	0.0013503
29.2	0.04473901	0.02752917	0.09788149	0.00141069
29.3	0.04473901	0.02752917	0.09788149	0.00136421
29.4	0.04473901	0.02752917	0.09788149	0.00137442
29.5	0.04473901	0.02752917	0.09788149	0.00140292
29.6	0.04473901	0.02752917	0.09788149	0.00141186
29.7	0.04473901	0.02752917	0.09788149	0.00143028
29.8	0.044739	0.02752917	0.09788149	0.00135844
29.9	0.044739	0.02752917	0.09788149	0.001369
30	0.044739	0.02752917	0.09788149	0.00137883
30.1	0.044739	0.02752917	0.09788149	0.00133898
30.2	0.044739	0.02752917	0.09788149	0.00137867
30.3	0.044739	0.02752917	0.09788149	0.00136473
30.4	0.044739	0.02752917	0.09788149	0.00141643
30.5	0.044739	0.02752917	0.09788149	0.00138238
30.6	0.044739	0.02752917	0.09788149	0.00132813
30.7	0.044739	0.02752916	0.09788149	0.0013837
30.8	0.044739	0.02752916	0.09788149	0.00136151
30.9	0.044739	0.02752916	0.09788149	0.00138983
31	0.04473901	0.02752916	0.09788149	0.00133475
31.1	0.04473901	0.02752916	0.09788149	0.00142834
31.2	0.04473901	0.02752916	0.09788148	0.00141384
31.3	0.04473901	0.02752916	0.09788148	0.0014259
31.4	0.04473901	0.02752916	0.09788148	0.00139562
31.5	0.04473901	0.02752916	0.09788148	0.00135515
31.6	0.04473901	0.02752916	0.09788148	0.00137286
31.7	0.04473901	0.02752916	0.09788148	0.00142743
31.8	0.04473901	0.02752916	0.09788148	0.001364
31.9	0.04473902	0.02752916	0.09788148	0.00142512
32	0.04473902	0.02752916	0.09788148	0.00138749
32.1	0.04473902	0.02752917	0.09788148	0.00139784
32.2	0.04473902	0.02752917	0.09788148	0.00138563
32.3	0.04473902	0.02752917	0.09788148	0.00135277
32.4	0.04473902	0.02752917	0.09788148	0.00140437
32.5	0.04473902	0.02752917	0.09788148	0.00141535
32.6	0.04473902	0.02752917	0.09788148	0.00133428
32.7	0.04473902	0.02752917	0.09788148	0.00136917
32.8	0.04473902	0.02752917	0.09788148	0.0013407
32.9	0.04473902	0.02752917	0.09788148	0.00133646
33	0.04473902	0.02752917	0.09788148	0.0013865
33.1	0.04473902	0.02752917	0.09788148	0.00135588
33.2	0.04473902	0.02752917	0.09788148	0.00133966
33.3	0.04473902	0.02752917	0.09788148	0.00132267
33.4	0.04473902	0.02752917	0.09788148	0.00135236
33.5	0.04473902	0.02752917	0.09788148	0.00139011
33.6	0.04473902	0.02752917	0.09788148	0.00135644
33.7	0.04473902	0.02752917	0.09788148	0.00135388
33.8	0.04473902	0.02752917	0.09788148	0.00132544
33.9	0.04473902	0.02752917	0.09788148	0.00139549
34	0.04473902	0.02752917	0.09788148	0.00141057
34.1	0.04473902	0.02752917	0.09788148	0.00142379
34.2	0.04473902	0.02752917	0.09788149	0.00142296
34.3	0.04473902	0.02752917	0.09788149	0.00135135
34.4	0.04473902	0.02752917	0.09788149	0.00135243
34.5	0.04473902	0.02752917	0.09788149	0.00135339
34.6	0.04473901	0.02752917	0.09788149	0.00137081
34.7	0.04473901	0.02752917	0.09788149	0.00136707
34.8	0.04473901	0.02752917	0.09788149	0.0013641
34.9	0.04473901	0.02752917	0.09788149	0.00134119
35	0.04473901	0.02752917	0.09788149	0.00142947
35.1	0.04473901	0.02752917	0.09788149	0.00135554
35.2	0.04473901	0.02752917	0.09788149	0.0014045
35.3	0.04473901	0.02752917	0.09788149	0.0014041
35.4	0.04473901	0.02752917	0.09788149	0.00132675
35.5	0.04473901	0.02752917	0.09788149	0.00139225
35.6	0.04473901	0.02752917	0.09788149	0.00132175
35.7	0.04473901	0.02752917	0.09788149	0.00141786
35.8	0.04473901	0.02752917	0.09788149	0.00136267
35.9	0.04473901	0.02752917	0.09788149	0.00136972
36	0.04473901	0.02752917	0.09788149	0.00134277
36.1	0.04473901	0.02752917	0.09788149	0.00135718
36.2	0.04473901	0.02752917	0.09788149	0.00142495
36.3	0.04473901	0.02752917	0.09788149	0.00134164
36.4	0.04473901	0.02752917	0.09788149	0.00142455
36.5	0.04473901	0.02752917	0.09788149	0.00142867
36.6	0.04473901	0.02752917	0.09788148	0.00142804
36.7	0.04473901	0.02752917	0.09788148	0.00133111
36.8	0.04473901	0.02752917	0.09788148	0.00138814
36.9	0.04473901	0.02752917	0.09788148	0.00133638
37	0.04473901	0.02752917	0.09788148	0.00136989
37.1	0.04473901	0.02752917	0.09788148	0.00141206
37.2	0.04473901	0.02752917	0.09788148	0.00140358
37.3	0.04473901	0.02752917	0.09788148	0.00133397
37.4	0.04473902	0.02752917	0.09788148	0.0013998
37.5	0.04473902	0.02752917	0.09788148	0.0014296
37.6	0.04473902	0.02752917	0.09788148	0.00132841
37.7	0.04473902	0.02752917	0.09788148	0.0013709
37.8	0.04473902	0.02752917	0.09788148	0.00139785
37.9	0.04473902	0.02752917	0.09788148	0.00138654
38	0.04473902	0.02752917	0.09788148	0.0013359
38.1	0.04473902	0.02752917	0.09788148	0.0014086
38.2	0.04473902	0.02752917	0.09788148	0.00135037
38.3	0.04473902	0.02752917	0.09788148	0.00138817
38.4	0.04473902	0.02752917	0.09788148	0.00134988
38.5	0.04473902	0.02752917	0.09788148	0.0013672
38.6	0.04473902	0.02752917	0.09788148	0.00138127
38.7	0.04473902	0.02752917	0.09788148	0.00134376
38.8	0.04473902	0.02752917	0.09788148	0.00136438
38.9	0.04473902	0.02752917	0.09788148	0.00140928
39	0.04473902	0.02752917	0.09788148	0.00141199
39.1	0.04473902	0.02752917	0.09788148	0.00135879
39.2	0.04473902	0.02752917	0.09788148	0.00142761
39.3	0.04473902	0.02752917	0.09788148	0.00136297
39.4	0.04473902	0.02752917	0.09788148	0.00132963
39.5	0.04473902	0.02752917	0.09788148	0.00138318
39.6	0.04473902	0.02752917	0.09788148	0.0013547
39.7	0.04473902	0.02752917	0.09788148	0.00139297
39.8	0.04473902	0.02752917	0.09788148	0.00137056
39.9	0.04473902	0.02752917	0.09788148	0.00135703
40	0.04473902	0.02752917	0.09788148	0.00136764
40.1	0.04473902	0.02752917	0.09788149	0.00132918
40.2	0.04473901	0.02752917	0.09788149	0.00137889
40.3	0.04473901	0.02752917	0.09788149	0.00134604
40.4	0.04473901	0.02752917	0.09788149	0.0013279
40.5	0.04473901	0.02752917	0.09788149	0.00142017
40.6	0.04473901	0.02752917	0.09788149	0.00141023
40.7	0.04473901	0.02752917	0.09788149	0.00137138
40.8	0.04473901	0.02752917	0.09788149	0.00135287
40.9	0.04473901	0.02752917	0.09788149	0.00132726
41	0.04473901	0.02752917	0.09788149	0.00138636
41.1	0.04473901	0.02752917	0.09788149	0.00138051
41.2	0.04473901	0.02752917	0.09788149	0.0013851
41.3	0.04473901	0.02752917	0.09788149	0.00139106
41.4	0.04473901	0.02752917	0.09788149	0.00133462
41.5	0.04473901	0.02752917	0.09788149	0.0014021
41.6	0.04473901	0.02752917	0.09788148	0.00141609
41.7	0.04473901	0.02752917	0.09788148	0.00143023
41.8	0.04473901	0.02752917	0.09788148	0.00134205
41.9	0.04473901	0.02752917	0.09788148	0.00137674
42	0.04473901	0.02752917	0.09788148	0.00138962
42.1	0.04473901	0.02752917	0.09788148	0.0013876
42.2	0.04473901	0.02752917	0.09788148	0.00132404
42.3	0.04473901	0.02752917	0.09788148	0.00136659
42.4	0.04473901	0.02752917	0.09788148	0.00134974
42.5	0.04473901	0.02752917	0.09788148	0.0013694
42.6	0.04473901	0.02752917	0.09788148	0.00139779
42.7	0.04473901	0.02752917	0.09788148	0.00132251
42.8	0.04473901	0.02752917	0.09788148	0.00134261
42.9	0.04473901	0.02752917	0.09788148	0.00141213
43	0.04473902	0.02752917	0.09788148	0.00134878
43.1	0.04473902	0.02752917	0.09788148	0.00132336
43.2	0.04473902	0.02752917	0.09788148	0.00137729
43.3	0.04473902	0.02752917	0.09788148	0.00133659
43.4	0.04473902	0.02752917	0.09788148	0.00142813
43.5	0.04473902	0.02752917	0.09788148	0.00132294
43.6	0.04473902	0.02752917	0.09788148	0.00134802
43.7	0.04473902	0.02752917	0.09788148	0.00133655
43.8	0.04473902	0.02752917	0.09788148	0.00139351
43.9	0.04473902	0.02752917	0.09788148	0.00135659
44	0.04473902	0.02752917	0.09788148	0.00136079
44.1	0.04473902	0.02752917	0.09788148	0.00136116
44.2	0.04473902	0.02752917	0.09788148	0.00142134
44.3	0.04473902	0.02752917	0.09788148	0.00134169
44.4	0.04473902	0.02752917	0.09788148	0.00134201
44.5	0.04473902	0.02752917	0.09788148	0.00139456
44.6	0.04473902	0.02752917	0.09788148	0.00135668
44.7	0.04473902	0.02752917	0.09788148	0.00142218
44.8	0.04473902	0.02752917	0.09788148	0.00132517
44.9	0.04473902	0.02752917	0.09788148	0.00138857
45	0.04473902	0.02752917	0.09788148	0.00134582
45.1	0.04473902	0.02752917	0.09788148	0.00141737
45.2	0.04473902	0.02752917	0.09788148	0.00136997
45.3	0.04473902	0.02752917	0.09788148	0.00134766
45.4	0.04473902	0.02752917	0.09788148	0.00132306
45.5	0.04473902	0.02752917	0.09788148	0.00140064
45.6	0.04473902	0.02752917	0.09788148	0.00132283
45.7	0.04473901	0.02752917	0.09788148	0.0013905
45.8	0.04473901	0.02752917	0.09788148	0.00141813
45.9	0.04473901	0.02752917	0.09788148	0.0013636
46	0.04473901	0.02752917	0.09788148	0.00137492
46.1	0.04473901	0.02752917	0.09788148	0.00134949
46.2	0.04473901	0.02752917	0.09788148	0.00133547
46.3	0.04473901	0.02752917	0.09788148	0.00137616
46.4	0.04473901	0.02752917	0.09788148	0.00133069
46.5	0.04473901	0.02752917	0.09788148	0.00142811
46.6	0.04473901	0.02752917	0.09788148	0.00142189
46.7	0.04473901	0.02752917	0.09788148	0.00132486
46.8	0.04473901	0.02752917	0.09788148	0.00141029
46.9	0.04473901	0.02752917	0.09788148	0.00136273
47	0.04473901	0.02752917	0.09788148	0.00139925
47.1	0.04473901	0.02752917	0.09788148	0.00137331
47.2	0.04473901	0.02752917	0.09788148	0.00135292
47.3	0.04473901	0.02752917	0.09788148	0.00136705
47.4	0.04473901	0.02752917	0.09788148	0.00141692
47.5	0.04473901	0.02752917	0.09788148	0.00133775
47.6	0.04473901	0.02752917	0.09788148	0.00136345
47.7	0.04473901	0.02752917	0.09788148	0.001376
47.8	0.04473901	0.02752917	0.09788148	0.00133318
47.9	0.04473901	0.02752917	0.09788148	0.0013901
48	0.04473901	0.02752917	0.09788148	0.00140188
48.1	0.04473901	0.02752917	0.09788148	0.00142904
48.2	0.04473901	0.02752917	0.09788148	0.00140288
48.3	0.04473901	0.02752917	0.09788148	0.00141798
48.4	0.04473901	0.02752917	0.09788148	0.00138125
48.5	0.04473902	0.02752917	0.09788148	0.00141443
48.6	0.04473902	0.02752917	0.09788148	0.00140481
48.7	0.04473902	0.02752917	0.09788148	0.00140647
48.8	0.04473902	0.02752917	0.09788148	0.00137552
48.9	0.04473902	0.02752917	0.09788148	0.00139049
49	0.04473902	0.02752917	0.09788148	0.00142233
49.1	0.04473902	0.02752917	0.09788148	0.00132822
49.2	0.04473902	0.02752917	0.09788148	0.00132854
49.3	0.04473902	0.02752917	0.09788148	0.00137265
49.4	0.04473902	0.02752917	0.09788148	0.00139881
49.5	0.04473902	0.02752917	0.09788148	0.00139716
49.6	0.04473902	0.02752917	0.09788148	0.0014258
49.7	0.04473902	0.02752917	0.09788148	0.00140612
49.8	0.04473902	0.02752917	0.09788148	0.0013655
49.9	0.04473902	0.02752917	0.09788148	0.00139405
50	0.04473902	0.02752917	0.09788148	0.00132407
50.1	0.04473902	0.02752917	0.09788148	0.00138386
50.2	0.04473902	0.02752917	0.09788148	0.00142364
50.3	0.04473902	0.02752917	0.09788148	0.00133001
50.4	0.04473902	0.02752917	0.09788148	0.00143115
50.5	0.04473902	0.02752917	0.09788148	0.00138032
50.6	0.04473902	0.02752917	0.09788148	0.00140742
50.7	0.04473902	0.02752917	0.09788148	0.00138087
50.8	0.04473902	0.02752917	0.09788148	0.00138874
50.9	0.04473902	0.02752917	0.09788148	0.00138184
51	0.04473902	0.02752917	0.09788148	0.00137896
51.1	0.04473901	0.02752917	0.09788148	0.00137505
51.2	0.04473901	0.02752917	0.09788148	0.00133152
51.3	0.04473901	0.02752917	0.09788148	0.00142573
51.4	0.04473901	0.02752917	0.09788148	0.00141276
51.5	0.04473901	0.02752917	0.09788148	0.00140538
51.6	0.04473901	0.02752917	0.09788148	0.00136479
51.7	0.04473901	0.02752917	0.09788148	0.00132893
51.8	0.04473901	0.02752917	0.09788148	0.00139957
51.9	0.04473901	0.02752917	0.09788148	0.00134425
52	0.04473901	0.02752917	0.09788148	0.00134931
52.1	0.04473901	0.02752917	0.09788148	0.00139717
52.2	0.04473901	0.02752917	0.09788148	0.00137402
52.3	0.04473901	0.02752917	0.09788148	0.0014034
52.4	0.04473901	0.02752917	0.09788148	0.00139034
52.5	0.04473901	0.02752917	0.09788148	0.00134237
52.6	0.04473901	0.02752917	0.09788148	0.00134163
52.7	0.04473901	0.02752917	0.09788148	0.00134414
52.8	0.04473901	0.02752917	0.09788148	0.00139749
52.9	0.04473901	0.02752917	0.09788148	0.00141225
53	0.04473901	0.02752917	0.09788148	0.00142333
53.1	0.04473901	0.02752917	0.09788148	0.00142008
53.2	0.04473901	0.02752917	0.09788148	0.00142514
53.3	0.04473901	0.02752917	0.09788148	0.00141597
53.4	0.04473901	0.02752917	0.09788148	0.00139436
53.5	0.04473901	0.02752917	0.09788148	0.00139619
53.6	0.04473901	0.02752917	0.09788148	0.00133179
53.7	0.04473901	0.02752917	0.09788148	0.00137692
53.8	0.04473901	0.02752917	0.09788148	0.00138517
53.9	0.04473901	0.02752917	0.09788148	0.00133803
54	0.04473901	0.02752917	0.09788148	0.00136698
54.1	0.04473901	0.02752917	0.09788148	0.00136431
54.2	0.04473902	0.02752917	0.09788148	0.00137847
54.3	0.04473902	0.02752917	0.09788148	0.0013293
54.4	0.04473902	0.02752917	0.09788148	0.00137694
54.5	0.04473902	0.02752917	0.09788148	0.00135648
54.6	0.04473902	0.02752917	0.09788148	0.00137308
54.7	0.04473902	0.02752917	0.09788148	0.00142994
54.8	0.04473902	0.02752917	0.09788148	0.00132773
54.9	0.04473902	0.02752917	0.09788148	0.00132655
55	0.04473902	0.02752917	0.09788148	0.00133913
55.1	0.04473902	0.02752917	0.09788148	0.00134008
55.2	0.04473902	0.02752917	0.09788148	0.00133043
55.3	0.04473902	0.02752917	0.09788148	0.00137738
55.4	0.04473902	0.02752917	0.09788148	0.00141736
55.5	0.04473902	0.02752917	0.09788148	0.00137233
55.6	0.04473902	0.02752917	0.09788148	0.00141476
55.7	0.04473902	0.02752917	0.09788148	0.00132444
55.8	0.04473902	0.02752917	0.09788148	0.00141059
55.9	0.04473902	0.02752917	0.09788148	0.00138738
56	0.04473902	0.02752917	0.09788148	0.00132146
56.1	0.04473902	0.02752917	0.09788148	0.00138743
56.2	0.04473902	0.02752917	0.09788148	0.00135412
56.3	0.04473902	0.02752917	0.09788148	0.00133694
56.4	0.04473902	0.02752917	0.09788148	0.00135519
56.5	0.04473901	0.02752917	0.09788148	0.00140903
56.6	0.04473901	0.02752917	0.09788148	0.0013226
56.7	0.04473901	0.02752917	0.09788148	0.00132872
56.8	0.04473901	0.02752917	0.09788148	0.00143072
56.9	0.04473901	0.02752917	0.09788148	0.00132543
57	0.04473901	0.02752917	0.09788148	0.00139354
57.1	0.04473901	0.02752917	0.09788148	0.00141548
57.2	0.04473901	0.02752917	0.09788148	0.0013392
57.3	0.04473901	0.02752917	0.09788148	0.0014067
57.4	0.04473901	0.02752917	0.09788148	0.00134736
57.5	0.04473901	0.02752917	0.09788148	0.00140001
57.6	0.04473901	0.02752917	0.09788148	0.00139834
57.7	0.04473901	0.02752917	0.09788148	0.00143078
57.8	0.04473901	0.02752917	0.09788148	0.00139
57.9	0.04473901	0.02752917	0.09788148	0.00135643
58	0.04473901	0.02752917	0.09788148	0.00133597
58.1	0.04473901	0.02752917	0.09788148	0.001339
58.2	0.04473901	0.02752917	0.09788148	0.00136026
58.3	0.04473901	0.02752917	0.09788148	0.00141649
58.4	0.04473901	0.02752917	0.09788148	0.0013848
58.5	0.04473901	0.02752917	0.09788148	0.00133029
58.6	0.04473901	0.02752917	0.09788148	0.00139598
58.7	0.04473901	0.02752917	0.09788148	0.00142775
58.8	0.04473901	0.02752917	0.09788148	0.00136727
58.9	0.04473901	0.02752917	0.09788148	0.00141812
59	0.04473901	0.02752917	0.09788148	0.00134723
59.1	0.04473901	0.02752917	0.09788148	0.00142523
59.2	0.04473901	0.02752917	0.09788148	0.00138492
59.3	0.04473901	0.02752917	0.09788148	0.0014099
59.4	0.04473901	0.02752917	0.09788148	0.00135619
59.5	0.04473901	0.02752917	0.09788148	0.00137871
59.6	0.04473901	0.02752917	0.09788148	0.00133583
59.7	0.04473901	0.02752917	0.09788148	0.0013595
59.8	0.04473901	0.02752917	0.09788148	0.00136928
59.9	0.04473901	0.02752917	0.09788148	0.00132515
60	0.04473902	0.02752917	0.09788148	0.00137305
60.1	0.04473902	0.02752917	0.09788148	0.00134572
60.2	0.04473902	0.02752917	0.09788148	0.00136388
60.3	0.04473902	0.02752917	0.09788148	0.00140464
60.4	0.04473902	0.02752917	0.09788148	0.00133599
60.5	0.04473902	0.02752917	0.09788148	0.00135951
60.6	0.04473902	0.02752917	0.09788148	0.00137249
60.7	0.04473902	0.02752917	0.09788148	0.00140911
60.8	0.04473902	0.02752917	0.09788148	0.00140098
60.9	0.04473902	0.02752917	0.09788148	0.00134418
61	0.04473902	0.02752917	0.09788148	0.00142134
61.1	0.04473902	0.02752917	0.09788148	0.00137199
61.2	0.04473902	0.02752917	0.09788148	0.00133057
61.3	0.04473902	0.02752917	0.09788148	0.00134904
61.4	0.04473902	0.02752917	0.09788148	0.00134369
61.5	0.04473902	0.02752917	0.09788148	0.0013584
61.6	0.04473901	0.02752917	0.09788148	0.00139712
61.7	0.04473901	0.02752917	0.09788148	0.00135045
61.8	0.04473901	0.02752917	0.09788148	0.00138162
61.9	0.04473901	0.02752917	0.09788148	0.00137968
62	0.04473901	0.02752917	0.09788148	0.00136075
62.1	0.04473901	0.02752917	0.09788148	0.00142178
62.2	0.04473901	0.02752917	0.09788148	0.00137317
62.3	0.04473901	0.02752917	0.09788148	0.0013411
62.4	0.04473901	0.02752917	0.09788148	0.00134964
62.5	0.04473901	0.02752917	0.09788148	0.00139563
62.6	0.04473901	0.02752917	0.09788148	0.00137179
62.7	0.04473901	0.02752917	0.09788148	0.00140902
62.8	0.04473901	0.02752917	0.09788148	0.00140054
62.9	0.04473901	0.02752917	0.09788148	0.00134239
63	0.04473901	0.02752917	0.09788148	0.0013368
63.1	0.04473901	0.02752917	0.09788148	0.00136527
63.2	0.04473901	0.02752917	0.09788148	0.00136731
63.3	0.04473901	0.02752917	0.09788148	0.00133935
63.4	0.04473901	0.02752917	0.09788148	0.00133485
63.5	0.04473901	0.02752917	0.09788148	0.00142415
63.6	0.04473901	0.02752917	0.09788148	0.00132473
63.7	0.04473901	0.02752917	0.09788148	0.00135657
63.8	0.04473901	0.02752917	0.09788148	0.00140862
63.9	0.04473901	0.02752917	0.09788148	0.00139358
64	0.04473901	0.02752917	0.09788148	0.001359
64.1	0.04473901	0.02752917	0.09788148	0.00139283
64.2	0.04473901	0.02752917	0.09788148	0.00132802
64.3	0.04473901	0.02752917	0.09788148	0.00142448
64.4	0.04473901	0.02752917	0.09788148	0.00133014
64.5	0.04473901	0.02752917	0.09788148	0.00141976
64.6	0.04473901	0.02752917	0.09788148	0.00133735
64.7	0.04473901	0.02752917	0.09788148	0.00137127
64.8	0.04473901	0.02752917	0.09788148	0.00132684
64.9	0.04473901	0.02752917	0.09788148	0.00143096
65	0.04473901	0.02752917	0.09788148	0.0013297
65.1	0.04473901	0.02752917	0.09788148	0.00132377
65.2	0.04473901	0.02752917	0.09788148	0.00136372
65.3	0.04473901	0.02752917	0.09788148	0.00137743
65.4	0.04473901	0.02752917	0.09788148	0.00136458
65.5	0.04473901	0.02752917	0.09788148	0.00136976
65.6	0.04473901	0.02752917	0.09788148	0.00141579
65.7	0.04473901	0.02752917	0.09788148	0.00137298
65.8	0.04473901	0.02752917	0.09788148	0.00134452
65.9	0.04473901	0.02752917	0.09788148	0.00135663
66	0.04473901	0.02752917	0.09788148	0.0014025
66.1	0.04473901	0.02752917	0.09788148	0.00137033
66.2	0.04473901	0.02752917	0.09788148	0.00137927
66.3	0.04473901	0.02752917	0.09788148	0.00139171
66.4	0.04473901	0.02752917	0.09788148	0.00141006
66.5	0.04473901	0.02752917	0.09788148	0.00142693
66.6	0.04473901	0.02752917	0.09788148	0.00133982
66.7	0.04473901	0.02752917	0.09788148	0.00138827
66.8	0.04473901	0.02752917	0.09788148	0.00139178
66.9	0.04473901	0.02752917	0.09788148	0.00133785
67	0.04473901	0.02752917	0.09788148	0.00132846
67.1	0.04473901	0.02752917	0.09788148	0.00138484
67.2	0.04473901	0.02752917	0.09788148	0.00142381
67.3	0.04473901	0.02752917	0.09788148	0.00135771
67.4	0.04473901	0.02752917	0.09788148	0.0013764
67.5	0.04473901	0.02752917	0.09788148	0.00138325
67.6	0.04473901	0.02752917	0.09788148	0.00140384
67.7	0.04473901	0.02752917	0.09788148	0.00140792
67.8	0.04473901	0.02752917	0.09788148	0.00135691
67.9	0.04473901	0.02752917	0.09788148	0.00133958
68	0.04473901	0.02752917	0.09788148	0.00142204
68.1	0.04473901	0.02752917	0.09788148	0.00134122
68.2	0.04473901	0.02752917	0.09788148	0.0013527
68.3	0.04473901	0.02752917	0.09788148	0.00138969
68.4	0.04473901	0.02752917	0.09788148	0.00143075
68.5	0.04473901	0.02752917	0.09788148	0.00138118
68.6	0.04473901	0.02752917	0.09788148	0.00135021
68.7	0.04473901	0.02752917	0.09788148	0.00137814
68.8	0.04473901	0.02752917	0.09788148	0.0014074
68.9	0.04473901	0.02752917	0.09788148	0.00137291
69	0.04473901	0.02752917	0.09788148	0.00141808
69.1	0.04473901	0.02752917	0.09788148	0.00136742
69.2	0.04473901	0.02752917	0.09788148	0.00142579
69.3	0.04473901	0.02752917	0.09788148	0.00132601
69.4	0.04473901	0.02752917	0.09788148	0.00140116
69.5	0.04473901	0.02752917	0.09788148	0.00142279
69.6	0.04473901	0.02752917	0.09788148	0.00139373
69.7	0.04473901	0.02752917	0.09788148	0.00136069
69.8	0.04473901	0.02752917	0.09788148	0.00139359
69.9	0.04473901	0.02752917	0.09788148	0.00142522
70	0.04473901	0.02752917	0.09788148	0.00135908
70.1	0.04473901	0.02752917	0.09788148	0.00141367
70.2	0.04473901	0.02752917	0.09788148	0.00141104
70.3	0.04473901	0.02752917	0.09788148	0.00135117
70.4	0.04473901	0.02752917	0.09788148	0.00139766
70.5	0.04473901	0.02752917	0.09788148	0.00135475
70.6	0.04473901	0.02752917	0.09788148	0.00139001
70.7	0.04473901	0.02752917	0.09788148	0.00141513
70.8	0.04473901	0.02752917	0.09788148	0.00139185
70.9	0.04473901	0.02752917	0.09788148	0.00138121
71	0.04473901	0.02752917	0.09788148	0.00134843
71.1	0.04473901	0.02752917	0.09788148	0.00137624
71.2	0.04473901	0.02752917	0.09788148	0.00143097
71.3	0.04473901	0.02752917	0.09788148	0.00134512
71.4	0.04473901	0.02752917	0.09788148	0.00133437
71.5	0.04473901	0.02752917	0.09788148	0.00138415
71.6	0.04473901	0.02752917	0.09788148	0.00136836
71.7	0.04473901	0.02752917	0.09788148	0.00140819
71.8	0.04473901	0.02752917	0.09788148	0.00137934
71.9	0.04473901	0.02752917	0.09788148	0.00137837
72	0.04473901	0.02752917	0.09788148	0.00140526
72.1	0.04473901	0.02752917	0.09788148	0.00141455
72.2	0.04473901	0.02752917	0.09788148	0.00143097
72.3	0.04473901	0.02752917	0.09788148	0.0014137
72.4	0.04473901	0.02752917	0.09788148	0.00137114
72.5	0.04473901	0.02752917	0.09788148	0.00135139
72.6	0.04473901	0.02752917	0.09788148	0.00132604
72.7	0.04473901	0.02752917	0.09788148	0.00132578
72.8	0.04473901	0.02752917	0.09788148	0.00141736
72.9	0.04473901	0.02752917	0.09788148	0.00138026
73	0.04473901	0.02752917	0.09788148	0.0013625
73.1	0.04473901	0.02752917	0.09788148	0.00135869
73.2	0.04473901	0.02752917	0.09788148	0.00141939
73.3	0.04473901	0.02752917	0.09788148	0.00137249
73.4	0.04473901	0.02752917	0.09788148	0.00136799
73.5	0.04473901	0.02752917	0.09788148	0.00136879
73.6	0.04473901	0.02752917	0.09788148	0.00137704
73.7	0.04473901	0.02752917	0.09788148	0.00134468
73.8	0.04473901	0.02752917	0.09788148	0.00138383
73.9	0.04473901	0.02752917	0.09788148	0.00143019
74	0.04473901	0.02752917	0.09788148	0.00134058
74.1	0.04473901	0.02752917	0.09788148	0.00143072
74.2	0.04473901	0.02752917	0.09788148	0.00138138
74.3	0.04473901	0.02752917	0.09788148	0.0014032
74.4	0.04473901	0.02752917	0.09788148	0.00132584
74.5	0.04473901	0.02752917	0.09788148	0.00133004
74.6	0.04473901	0.02752917	0.09788148	0.00142111
74.7	0.04473901	0.02752917	0.09788148	0.00137964
74.8	0.04473901	0.02752917	0.09788148	0.00140402
74.9	0.04473901	0.02752917	0.09788148	0.00141433
75	0.04473901	0.02752917	0.09788148	0.00137065
75.1	0.04473901	0.02752917	0.09788148	0.00137935
75.2	0.04473901	0.02752917	0.09788148	0.00141536
75.3	0.04473901	0.02752917	0.09788148	0.00142224
75.4	0.04473901	0.02752917	0.09788148	0.00141941
75.5	0.04473901	0.02752917	0.09788148	0.00136172
75.6	0.04473901	0.02752917	0.09788148	0.00140335
75.7	0.04473901	0.02752917	0.09788148	0.00141398
75.8	0.04473901	0.02752917	0.09788148	0.00138489
75.9	0.04473901	0.02752917	0.09788148	0.00140421
76	0.04473901	0.02752917	0.09788148	0.00137034
76.1	0.04473901	0.02752917	0.09788148	0.0013969
76.2	0.04473901	0.02752917	0.09788148	0.00133242
76.3	0.04473901	0.02752917	0.09788148	0.00132708
76.4	0.04473901	0.02752917	0.09788148	0.00142501
76.5	0.04473901	0.02752917	0.09788148	0.00142133
76.6	0.04473901	0.02752917	0.09788148	0.00138567
76.7	0.04473901	0.02752917	0.09788148	0.00141311
76.8	0.04473901	0.02752917	0.09788148	0.00133572
76.9	0.04473901	0.02752917	0.09788148	0.0014272
77	0.04473901	0.02752917	0.09788148	0.00139138
77.1	0.04473901	0.02752917	0.09788148	0.00133037
77.2	0.04473901	0.02752917	0.09788148	0.00135628
77.3	0.04473901	0.02752917	0.09788148	0.0013377
77.4	0.04473901	0.02752917	0.09788148	0.00134494
77.5	0.04473901	0.02752917	0.09788148	0.00142243
77.6	0.04473901	0.02752917	0.09788148	0.00134888
77.7	0.04473901	0.02752917	0.09788148	0.001407
77.8	0.04473901	0.02752917	0.09788148	0.00140332
77.9	0.04473901	0.02752917	0.09788148	0.00132363
78	0.04473901	0.02752917	0.09788148	0.00138775
78.1	0.04473901	0.02752917	0.09788148	0.00141407
78.2	0.04473901	0.02752917	0.09788148	0.0013469
78.3	0.04473901	0.02752917	0.09788148	0.00142399
78.4	0.04473901	0.02752917	0.09788148	0.00132326
78.5	0.04473901	0.02752917	0.09788148	0.00132313
78.6	0.04473901	0.02752917	0.09788148	0.00136675
78.7	0.04473901	0.02752917	0.09788148	0.00133326
78.8	0.04473901	0.02752917	0.09788148	0.00137894
78.9	0.04473901	0.02752917	0.09788148	0.00132939
79	0.04473901	0.02752917	0.09788148	0.00138803
79.1	0.04473901	0.02752917	0.09788148	0.00136798
79.2	0.04473901	0.02752917	0.09788148	0.00137274
79.3	0.04473901	0.02752917	0.09788148	0.00142648
79.4	0.04473901	0.02752917	0.09788148	0.00142708
79.5	0.04473901	0.02752917	0.09788148	0.00140351
79.6	0.04473901	0.02752917	0.09788148	0.00136154
79.7	0.04473901	0.02752917	0.09788148	0.00134635
79.8	0.04473901	0.02752917	0.09788148	0.00138426
79.9	0.04473901	0.02752917	0.09788148	0.0013773
80	0.04473901	0.02752917	0.09788148	0.00134855
80.1	0.04473901	0.02752917	0.09788148	0.00138959
80.2	0.04473901	0.02752917	0.09788148	0.00136743
80.3	0.04473901	0.02752917	0.09788148	0.00142473
80.4	0.04473901	0.02752917	0.09788148	0.00132488
80.5	0.04473901	0.02752917	0.09788148	0.00134375
80.6	0.04473901	0.02752917	0.09788148	0.00132615
80.7	0.04473901	0.02752917	0.09788148	0.00134059
80.8	0.04473901	0.02752917	0.09788148	0.00134169
80.9	0.04473901	0.02752917	0.09788148	0.00135858
81	0.04473901	0.02752917	0.09788148	0.0013226
81.1	0.04473901	0.02752917	0.09788148	0.00142182
81.2	0.04473901	0.02752917	0.09788148	0.00135284
81.3	0.04473901	0.02752917	0.09788148	0.00137584
81.4	0.04473901	0.02752917	0.09788148	0.0013614
81.5	0.04473901	0.02752917	0.09788148	0.00142459
81.6	0.04473901	0.02752917	0.09788148	0.00136932
81.7	0.04473901	0.02752917	0.09788148	0.00138062
81.8	0.04473901	0.02752917	0.09788148	0.0014052
81.9	0.04473901	0.02752917	0.09788148	0.00136712
82	0.04473901	0.02752917	0.09788148	0.00132924
82.1	0.04473901	0.02752917	0.09788148	0.00132828
82.2	0.04473901	0.02752917	0.09788148	0.00132784
82.3	0.04473901	0.02752917	0.09788148	0.00139562
82.4	0.04473901	0.02752917	0.09788148	0.00134834
82.5	0.04473901	0.02752917	0.09788148	0.00138477
82.6	0.04473901	0.02752917	0.09788148	0.00141035
82.7	0.04473901	0.02752917	0.09788148	0.00132174
82.8	0.04473901	0.02752917	0.09788148	0.0014148
82.9	0.04473901	0.02752917	0.09788148	0.00139597
83	0.04473901	0.02752917	0.09788148	0.00133585
83.1	0.04473901	0.02752917	0.09788148	0.00136632
83.2	0.04473901	0.02752917	0.09788148	0.00138732
83.3	0.04473901	0.02752917	0.09788148	0.00138519
83.4	0.04473901	0.02752917	0.09788148	0.00143133
83.5	0.04473901	0.02752917	0.09788148	0.00139567
83.6	0.04473901	0.02752917	0.09788148	0.00134617
83.7	0.04473901	0.02752917	0.09788148	0.00142595
83.8	0.04473901	0.02752917	0.09788148	0.0013765
83.9	0.04473901	0.02752917	0.09788148	0.0013255
84	0.04473901	0.02752917	0.09788148	0.00132961
84.1	0.04473901	0.02752917	0.09788148	0.00134565
84.2	0.04473901	0.02752917	0.09788148	0.00134482
84.3	0.04473901	0.02752917	0.09788148	0.00139505
84.4	0.04473901	0.02752917	0.09788148	0.00135328
84.5	0.04473901	0.02752917	0.09788148	0.00138847
84.6	0.04473901	0.02752917	0.09788148	0.00134031
84.7	0.04473901	0.02752917	0.09788148	0.00139269
84.8	0.04473901	0.02752917	0.09788148	0.00139499
84.9	0.04473901	0.02752917	0.09788148	0.00140896
85	0.04473901	0.02752917	0.09788148	0.00136152
85.1	0.04473901	0.02752917	0.09788148	0.00142343
85.2	0.04473901	0.02752917	0.09788148	0.00132451
85.3	0.04473901	0.02752917	0.09788148	0.00132285
85.4	0.04473901	0.02752917	0.09788148	0.00139782
85.5	0.04473901	0.02752917	0.09788148	0.00133567
85.6	0.04473901	0.02752917	0.09788148	0.0013428
85.7	0.04473901	0.02752917	0.09788148	0.00137533
85.8	0.04473901	0.02752917	0.09788148	0.00140194
85.9	0.04473901	0.02752917	0.09788148	0.00135027
86	0.04473901	0.02752917	0.09788148	0.00133756
86.1	0.04473901	0.02752917	0.09788148	0.00142491
86.2	0.04473901	0.02752917	0.09788148	0.0013402
86.3	0.04473901	0.02752917	0.09788148	0.00139321
86.4	0.04473901	0.02752917	0.09788148	0.00135798
86.5	0.04473901	0.02752917	0.09788148	0.00134191
86.6	0.04473901	0.02752917	0.09788148	0.00140687
86.7	0.04473901	0.02752917	0.09788148	0.00137802
86.8	0.04473901	0.02752917	0.09788148	0.00141424
86.9	0.04473901	0.02752917	0.09788148	0.00141122
87	0.04473901	0.02752917	0.09788148	0.001396
87.1	0.04473901	0.02752917	0.09788148	0.00139048
87.2	0.04473901	0.02752917	0.09788148	0.00132257
87.3	0.04473901	0.02752917	0.09788148	0.00138672
87.4	0.04473901	0.02752917	0.09788148	0.00140515
87.5	0.04473901	0.02752917	0.09788148	0.00142603
87.6	0.04473901	0.02752917	0.09788148	0.00132887
87.7	0.04473901	0.02752917	0.09788148	0.00139696
87.8	0.04473901	0.02752917	0.09788148	0.00133095
87.9	0.04473901	0.02752917	0.09788148	0.00142568
88	0.04473901	0.02752917	0.09788148	0.00138552
88.1	0.04473901	0.02752917	0.09788148	0.00135176
88.2	0.04473901	0.02752917	0.09788148	0.00142218
88.3	0.04473901	0.02752917	0.09788148	0.00132631
88.4	0.04473901	0.02752917	0.09788148	0.00138959
88.5	0.04473901	0.02752917	0.09788148	0.00137657
88.6	0.04473901	0.02752917	0.09788148	0.00132869
88.7	0.04473901	0.02752917	0.09788148	0.00135623
88.8	0.04473901	0.02752917	0.09788148	0.00135895
88.9	0.04473901	0.02752917	0.09788148	0.00141559
89	0.04473901	0.02752917	0.09788148	0.0013442
89.1	0.04473901	0.02752917	0.09788148	0.00138418
89.2	0.04473901	0.02752917	0.09788148	0.001332
89.3	0.04473901	0.02752917	0.09788148	0.00134196
89.4	0.04473901	0.02752917	0.09788148	0.0013895
89.5	0.04473901	0.02752917	0.09788148	0.00134132
89.6	0.04473901	0.02752917	0.09788148	0.00138247
89.7	0.04473901	0.02752917	0.09788148	0.00137214
89.8	0.04473901	0.02752917	0.09788148	0.00141879
89.9	0.04473901	0.02752917	0.09788148	0.00132926
90	0.04473901	0.02752917	0.09788148	0.00140191
90.1	0.04473901	0.02752917	0.09788148	0.0014185
90.2	0.04473901	0.02752917	0.09788148	0.00139804
90.3	0.04473901	0.02752917	0.09788148	0.0013238
90.4	0.04473901	0.02752917	0.09788148	0.00138834
90.5	0.04473901	0.02752917	0.09788148	0.00137284
90.6	0.04473901	0.02752917	0.09788148	0.00142626
90.7	0.04473901	0.02752917	0.09788148	0.00133044
90.8	0.04473901	0.02752917	0.09788148	0.00140994
90.9	0.04473901	0.02752917	0.09788148	0.00142513
91	0.04473901	0.02752917	0.09788148	0.00140814
91.1	0.04473901	0.02752917	0.09788148	0.00141392
91.2	0.04473901	0.02752917	0.09788148	0.00139001
91.3	0.04473901	0.02752917	0.09788148	0.00134912
91.4	0.04473901	0.02752917	0.09788148	0.00138255
91.5	0.04473901	0.02752917	0.09788148	0.00136094
91.6	0.04473901	0.02752917	0.09788148	0.00140708
91.7	0.04473901	0.02752917	0.09788148	0.00135812
91.8	0.04473901	0.02752917	0.09788148	0.00141677
91.9	0.04473901	0.02752917	0.09788148	0.00141318
92	0.04473901	0.02752917	0.09788148	0.00133138
92.1	0.04473901	0.02752917	0.09788148	0.00137606
92.2	0.04473901	0.02752917	0.09788148	0.00134104
92.3	0.04473901	0.02752917	0.09788148	0.00134992
92.4	0.04473901	0.02752917	0.09788148	0.0013511
92.5	0.04473901	0.02752917	0.09788148	0.00135691
92.6	0.04473901	0.02752917	0.09788148	0.00141917
92.7	0.04473901	0.02752917	0.09788148	0.00138156
92.8	0.04473901	0.02752917	0.09788148	0.00133535
92.9	0.04473901	0.02752917	0.09788148	0.00133565
93	0.04473901	0.02752917	0.09788148	0.00134224
93.1	0.04473901	0.02752917	0.09788148	0.00136114
93.2	0.04473901	0.02752917	0.09788148	0.00132446
93.3	0.04473901	0.02752917	0.09788148	0.00135823
93.4	0.04473901	0.02752917	0.09788148	0.00137641
93.5	0.04473901	0.02752917	0.09788148	0.00139153
93.6	0.04473901	0.02752917	0.09788148	0.00142255
93.7	0.04473901	0.02752917	0.09788148	0.00134399
93.8	0.04473901	0.02752917	0.09788148	0.00135347
93.9	0.04473901	0.02752917	0.09788148	0.00140498
94	0.04473901	0.02752917	0.09788148	0.00132257
94.1	0.04473901	0.02752917	0.09788148	0.0013931
94.2	0.04473901	0.02752917	0.09788148	0.00136745
94.3	0.04473901	0.02752917	0.09788148	0.00140646
94.4	0.04473901	0.02752917	0.09788148	0.00133841
94.5	0.04473901	0.02752917	0.09788148	0.00137283
94.6	0.04473901	0.02752917	0.09788148	0.0013257
94.7	0.04473901	0.02752917	0.09788148	0.00133894
94.8	0.04473901	0.02752917	0.09788148	0.00135956
94.9	0.04473901	0.02752917	0.09788148	0.0013695
95	0.04473901	0.02752917	0.09788148	0.0013977
95.1	0.04473901	0.02752917	0.09788148	0.00136308
95.2	0.04473901	0.02752917	0.09788148	0.00135366
95.3	0.04473901	0.02752917	0.09788148	0.00141912
95.4	0.04473901	0.02752917	0.09788148	0.00135296
95.5	0.04473901	0.02752917	0.09788148	0.00143097
95.6	0.04473901	0.02752917	0.09788148	0.00137623
95.7	0.04473901	0.02752917	0.09788148	0.00139046
95.8	0.04473901	0.02752917	0.09788148	0.00136263
95.9	0.04473901	0.02752917	0.09788148	0.00142629
96	0.04473901	0.02752917	0.09788148	0.00138457
96.1	0.04473901	0.02752917	0.09788148	0.00134722
96.2	0.04473901	0.02752917	0.09788148	0.00133573
96.3	0.04473901	0.02752917	0.09788148	0.00137097
96.4	0.04473901	0.02752917	0.09788148	0.00132716
96.5	0.04473901	0.02752917	0.09788148	0.00141595
96.6	0.04473901	0.02752917	0.09788148	0.00142192
96.7	0.04473901	0.02752917	0.09788148	0.0013934
96.8	0.04473901	0.02752917	0.09788148	0.00134608
96.9	0.04473901	0.02752917	0.09788148	0.00140991
97	0.04473901	0.02752917	0.09788148	0.00133062
97.1	0.04473901	0.02752917	0.09788148	0.00133748
97.2	0.04473901	0.02752917	0.09788148	0.00141603
97.3	0.04473901	0.02752917	0.09788148	0.00136905
97.4	0.04473901	0.02752917	0.09788148	0.00137339
97.5	0.04473901	0.02752917	0.09788148	0.00137832
97.6	0.04473901	0.02752917	0.09788148	0.00142727
97.7	0.04473901	0.02752917	0.09788148	0.00136433
97.8	0.04473901	0.02752917	0.09788148	0.00134438
97.9	0.04473901	0.02752917	0.09788148	0.00142999
98	0.04473901	0.02752917	0.09788148	0.00137697
98.1	0.04473901	0.02752917	0.09788148	0.0013631
98.2	0.04473901	0.02752917	0.09788148	0.00140315
98.3	0.04473901	0.02752917	0.09788148	0.00133705
98.4	0.04473901	0.02752917	0.09788148	0.0013572
98.5	0.04473901	0.02752917	0.09788148	0.00137568
98.6	0.04473901	0.02752917	0.09788148	0.0013772
98.7	0.04473901	0.02752917	0.09788148	0.00137283
98.8	0.04473901	0.02752917	0.09788148	0.00136367
98.9	0.04473901	0.02752917	0.09788148	0.00135615
99	0.04473901	0.02752917	0.09788148	0.00137475
99.1	0.04473901	0.02752917	0.09788148	0.00135887
99.2	0.04473901	0.02752917	0.09788148	0.00139814
99.3	0.04473901	0.02752917	0.09788148	0.00132388
99.4	0.04473901	0.02752917	0.09788148	0.00136873
99.5	0.04473901	0.02752917	0.09788148	0.00139686
99.6	0.04473901	0.02752917	0.09788148	0.00134582
99.7	0.04473901	0.02752917	0.09788148	0.00136455
99.8	0.04473901	0.02752917	0.09788148	0.00138918
99.9	0.04473901	0.02752917	0.09788148	0.00138939
100	0.04473901	0.02752917	0.09788148	0.00140136
100.1	0.04473901	0.02752917	0.09788148	0.00139909
100.2	0.04473901	0.02752917	0.09788148	0.0014278
100.3	0.04473901	0.02752917	0.09788148	0.00133392
100.4	0.04473901	0.02752917	0.09788148	0.00133419
100.5	0.04473901	0.02752917	0.09788148	0.00134931
100.6	0.04473901	0.02752917	0.09788148	0.0013235
100.7	0.04473901	0.02752917	0.09788148	0.00140913
100.8	0.04473901	0.02752917	0.09788148	0.0014254
100.9	0.04473901	0.02752917	0.09788148	0.0013772
101	0.04473901	0.02752917	0.09788148	0.00141703
101.1	0.04473901	0.02752917	0.09788148	0.00138555
101.2	0.04473901	0.02752917	0.09788148	0.00134209
101.3	0.04473901	0.02752917	0.09788148	0.0013533
101.4	0.04473901	0.02752917	0.09788148	0.00142838
101.5	0.04473901	0.02752917	0.09788148	0.00134215
101.6	0.04473901	0.02752917	0.09788148	0.00136565
101.7	0.04473901	0.02752917	0.09788148	0.0013857
101.8	0.04473901	0.02752917	0.09788148	0.00141818
101.9	0.04473901	0.02752917	0.09788148	0.00142583
102	0.04473901	0.02752917	0.09788148	0.00141049
102.1	0.04473901	0.02752917	0.09788148	0.00142695
102.2	0.04473901	0.02752917	0.09788148	0.00136712
102.3	0.04473901	0.02752917	0.09788148	0.00138645
102.4	0.04473901	0.02752917	0.09788148	0.00141051
102.5	0.04473901	0.02752917	0.09788148	0.00132807
102.6	0.04473901	0.02752917	0.09788148	0.00139457
102.7	0.04473901	0.02752917	0.09788148	0.0013248
102.8	0.04473901	0.02752917	0.09788148	0.00136684
102.9	0.04473901	0.02752917	0.09788148	0.00142854
103	0.04473901	0.02752917	0.09788148	0.00138056
103.1	0.04473901	0.02752917	0.09788148	0.00134415
103.2	0.04473901	0.02752917	0.09788148	0.00138052
103.3	0.04473901	0.02752917	0.09788148	0.00140937
103.4	0.04473901	0.02752917	0.09788148	0.00140063
103.5	0.04473901	0.02752917	0.09788148	0.00134105
103.6	0.04473901	0.02752917	0.09788148	0.00134617
103.7	0.04473901	0.02752917	0.09788148	0.00133603
103.8	0.04473901	0.02752917	0.09788148	0.00142264
103.9	0.04473901	0.02752917	0.09788148	0.00142944
104	0.04473901	0.02752917	0.09788148	0.00134053
104.1	0.04473901	0.02752917	0.09788148	0.00139583
104.2	0.04473901	0.02752917	0.09788148	0.00139228
104.3	0.04473901	0.02752917	0.09788148	0.00140129
104.4	0.04473901	0.02752917	0.09788148	0.0013571
104.5	0.04473901	0.02752917	0.09788148	0.00138953
104.6	0.04473901	0.02752917	0.09788148	0.00135073
104.7	0.04473901	0.02752917	0.09788148	0.00132953
104.8	0.04473901	0.02752917	0.09788148	0.00133792
104.9	0.04473901	0.02752917	0.09788148	0.00133807
105	0.04473901	0.02752917	0.09788148	0.00140765
105.1	0.04473901	0.02752917	0.09788148	0.00132346
105.2	0.04473901	0.02752917	0.09788148	0.00134699
105.3	0.04473901	0.02752917	0.09788148	0.00137472
105.4	0.04473901	0.02752917	0.09788148	0.00141517
105.5	0.04473901	0.02752917	0.09788148	0.00140979
105.6	0.04473901	0.02752917	0.09788148	0.00139662
105.7	0.04473901	0.02752917	0.09788148	0.00135724
105.8	0.04473901	0.02752917	0.09788148	0.00133694
105.9	0.04473901	0.02752917	0.09788148	0.00133577
106	0.04473901	0.02752917	0.09788148	0.00133604
106.1	0.04473901	0.02752917	0.09788148	0.0014029
106.2	0.04473901	0.02752917	0.09788148	0.00141707
106.3	0.04473901	0.02752917	0.09788148	0.00135904
106.4	0.04473901	0.02752917	0.09788148	0.00141069
106.5	0.04473901	0.02752917	0.09788148	0.00132531
106.6	0.04473901	0.02752917	0.09788148	0.00142168
106.7	0.04473901	0.02752917	0.09788148	0.00132552
106.8	0.04473901	0.02752917	0.09788148	0.00133769
106.9	0.04473901	0.02752917	0.09788148	0.00137502
107	0.04473901	0.02752917	0.09788148	0.00138126
107.1	0.04473901	0.02752917	0.09788148	0.00137922
107.2	0.04473901	0.02752917	0.09788148	0.00140581
107.3	0.04473901	0.02752917	0.09788148	0.00139969
107.4	0.04473901	0.02752917	0.09788148	0.00135761
107.5	0.04473901	0.02752917	0.09788148	0.00142766
107.6	0.04473901	0.02752917	0.09788148	0.00133603
107.7	0.04473901	0.02752917	0.09788148	0.00142963
107.8	0.04473901	0.02752917	0.09788148	0.00137395
107.9	0.04473901	0.02752917	0.09788148	0.00142236
108	0.04473901	0.02752917	0.09788148	0.00134336
108.1	0.04473901	0.02752917	0.09788148	0.00135563
108.2	0.04473901	0.02752917	0.09788148	0.00135984
108.3	0.04473901	0.02752917	0.09788148	0.00133601
108.4	0.04473901	0.02752917	0.09788148	0.0013594
108.5	0.04473901	0.02752917	0.09788148	0.00136514
108.6	0.04473901	0.02752917	0.09788148	0.00142544
108.7	0.04473901	0.02752917	0.09788148	0.00137155
108.8	0.04473901	0.02752917	0.09788148	0.00135701
108.9	0.04473901	0.02752917	0.09788148	0.0013874
109	0.04473901	0.02752917	0.09788148	0.00136138
109.1	0.04473901	0.02752917	0.09788148	0.00139925
109.2	0.04473901	0.02752917	0.09788148	0.00136889
109.3	0.04473901	0.02752917	0.09788148	0.00137874
109.4	0.04473901	0.02752917	0.09788148	0.00141912
109.5	0.04473901	0.02752917	0.09788148	0.00135343
109.6	0.04473901	0.02752917	0.09788148	0.00134946
109.7	0.04473901	0.02752917	0.09788148	0.00140376
109.8	0.04473901	0.02752917	0.09788148	0.00133761
109.9	0.04473901	0.02752917	0.09788148	0.00141438
110	0.04473901	0.02752917	0.09788148	0.00143042
110.1	0.04473901	0.02752917	0.09788148	0.00132968
110.2	0.04473901	0.02752917	0.09788148	0.00139068
110.3	0.04473901	0.02752917	0.09788148	0.00132613
110.4	0.04473901	0.02752917	0.09788148	0.00138286
110.5	0.04473901	0.02752917	0.09788148	0.00138608
110.6	0.04473901	0.02752917	0.09788148	0.00142217
110.7	0.04473901	0.02752917	0.09788148	0.00141221
110.8	0.04473901	0.02752917	0.09788148	0.00141206
110.9	0.04473901	0.02752917	0.09788148	0.0013339
111	0.04473901	0.02752917	0.09788148	0.00141021
111.1	0.04473901	0.02752917	0.09788148	0.00136869
111.2	0.04473901	0.02752917	0.09788148	0.0013283
111.3	0.04473901	0.02752917	0.09788148	0.00139072
111.4	0.04473901	0.02752917	0.09788148	0.00141233
111.5	0.04473901	0.02752917	0.09788148	0.00137257
111.6	0.04473901	0.02752917	0.09788148	0.0013919
111.7	0.04473901	0.02752917	0.09788148	0.00134768
111.8	0.04473901	0.02752917	0.09788148	0.00136449
111.9	0.04473901	0.02752917	0.09788148	0.00134385
112	0.04473901	0.02752917	0.09788148	0.00132759
112.1	0.04473901	0.02752917	0.09788148	0.00132922
112.2	0.04473901	0.02752917	0.09788148	0.00141448
112.3	0.04473901	0.02752917	0.09788148	0.00133387
112.4	0.04473901	0.02752917	0.09788148	0.00136534
112.5	0.04473901	0.02752917	0.09788148	0.00137772
112.6	0.04473901	0.02752917	0.09788148	0.00142736
112.7	0.04473901	0.02752917	0.09788148	0.00135406
112.8	0.04473901	0.02752917	0.09788148	0.00137474
112.9	0.04473901	0.02752917	0.09788148	0.00134603
113	0.04473901	0.02752917	0.09788148	0.00134775
113.1	0.04473901	0.02752917	0.09788148	0.00136746
113.2	0.04473901	0.02752917	0.09788148	0.00135871
113.3	0.04473901	0.02752917	0.09788148	0.00139977
113.4	0.04473901	0.02752917	0.09788148	0.00132709
113.5	0.04473901	0.02752917	0.09788148	0.00141147
113.6	0.04473901	0.02752917	0.09788148	0.00138042
113.7	0.04473901	0.02752917	0.09788148	0.00133945
113.8	0.04473901	0.02752917	0.09788148	0.00137857
113.9	0.04473901	0.02752917	0.09788148	0.00140052
114	0.04473901	0.02752917	0.09788148	0.00135122
114.1	0.04473901	0.02752917	0.09788148	0.00133741
114.2	0.04473901	0.02752917	0.09788148	0.00140245
114.3	0.04473901	0.02752917	0.09788148	0.00139511
114.4	0.04473901	0.02752917	0.09788148	0.00135149
114.5	0.04473901	0.02752917	0.09788148	0.00134648
114.6	0.04473901	0.02752917	0.09788148	0.00142937
114.7	0.04473901	0.02752917	0.09788148	0.00139006
114.8	0.04473901	0.02752917	0.09788148	0.00139567
114.9	0.04473901	0.02752917	0.09788148	0.00134136
115	0.04473901	0.02752917	0.09788148	0.0014168
115.1	0.04473901	0.02752917	0.09788148	0.00134961
115.2	0.04473901	0.02752917	0.09788148	0.00141787
115.3	0.04473901	0.02752917	0.09788148	0.00140357
115.4	0.04473901	0.02752917	0.09788148	0.00140389
115.5	0.04473901	0.02752917	0.09788148	0.00134302
115.6	0.04473901	0.02752917	0.09788148	0.00140694
115.7	0.04473901	0.02752917	0.09788148	0.00135878
115.8	0.04473901	0.02752917	0.09788148	0.00140024
115.9	0.04473901	0.02752917	0.09788148	0.00136624
116	0.04473901	0.02752917	0.09788148	0.00137612
116.1	0.04473901	0.02752917	0.09788148	0.00140213
116.2	0.04473901	0.02752917	0.09788148	0.00141242
116.3	0.04473901	0.02752917	0.09788148	0.0013216
116.4	0.04473901	0.02752917	0.09788148	0.00138123
116.5	0.04473901	0.02752917	0.09788148	0.00135976
116.6	0.04473901	0.02752917	0.09788148	0.00142216
116.7	0.04473901	0.02752917	0.09788148	0.00138929
116.8	0.04473901	0.02752917	0.09788148	0.00139798
116.9	0.04473901	0.02752917	0.09788148	0.00142636
117	0.04473901	0.02752917	0.09788148	0.0013219
117.1	0.04473901	0.02752917	0.09788148	0.00142627
117.2	0.04473901	0.02752917	0.09788148	0.00139706
117.3	0.04473901	0.02752917	0.09788148	0.00140807
117.4	0.04473901	0.02752917	0.09788148	0.00137354
117.5	0.04473901	0.02752917	0.09788148	0.00139294
117.6	0.04473901	0.02752917	0.09788148	0.00141576
117.7	0.04473901	0.02752917	0.09788148	0.00142163
117.8	0.04473901	0.02752917	0.09788148	0.0013588
117.9	0.04473901	0.02752917	0.09788148	0.00138774
118	0.04473901	0.02752917	0.09788148	0.00141511
118.1	0.04473901	0.02752917	0.09788148	0.00137155
118.2	0.04473901	0.02752917	0.09788148	0.00141125
118.3	0.04473901	0.02752917	0.09788148	0.00139467
118.4	0.04473901	0.02752917	0.09788148	0.00142021
118.5	0.04473901	0.02752917	0.09788148	0.00138839
118.6	0.04473901	0.02752917	0.09788148	0.00137575
118.7	0.04473901	0.02752917	0.09788148	0.001407
118.8	0.04473901	0.02752917	0.09788148	0.00142358
118.9	0.04473901	0.02752917	0.09788148	0.00132369
119	0.04473901	0.02752917	0.09788148	0.00133365
119.1	0.04473901	0.02752917	0.09788148	0.00136208
119.2	0.04473901	0.02752917	0.09788148	0.00139125
119.3	0.04473901	0.02752917	0.09788148	0.00141047
119.4	0.04473901	0.02752917	0.09788148	0.00138086
119.5	0.04473901	0.02752917	0.09788148	0.00140463
119.6	0.04473901	0.02752917	0.09788148	0.00132887
119.7	0.04473901	0.02752917	0.09788148	0.00141971
119.8	0.04473901	0.02752917	0.09788148	0.00140441
119.9	0.04473901	0.02752917	0.09788148	0.00141297
120	0.04473901	0.02752917	0.09788148	0.00132671
120.1	0.04473901	0.02752917	0.09788148	0.00137201
120.2	0.04473901	0.02752917	0.09788148	0.0013582
120.3	0.04473901	0.02752917	0.09788148	0.00137141
120.4	0.04473901	0.02752917	0.09788148	0.00132368
120.5	0.04473901	0.02752917	0.09788148	0.00138827
120.6	0.04473901	0.02752917	0.09788148	0.00134185
120.7	0.04473901	0.02752917	0.09788148	0.00132614
120.8	0.04473901	0.02752917	0.09788148	0.00133391
120.9	0.04473901	0.02752917	0.09788148	0.00132353
121	0.04473901	0.02752917	0.09788148	0.00136699
121.1	0.04473901	0.02752917	0.09788148	0.0014093
121.2	0.04473901	0.02752917	0.09788148	0.00139369
121.3	0.04473901	0.02752917	0.09788148	0.00139119
121.4	0.04473901	0.02752917	0.09788148	0.00135171
121.5	0.04473901	0.02752917	0.09788148	0.00138856
121.6	0.04473901	0.02752917	0.09788148	0.00135035
121.7	0.04473901	0.02752917	0.09788148	0.00134399
121.8	0.04473901	0.02752917	0.09788148	0.00135869
121.9	0.04473901	0.02752917	0.09788148	0.00132211
122	0.04473901	0.02752917	0.09788148	0.00142661
122.1	0.04473901	0.02752917	0.09788148	0.00133407
122.2	0.04473901	0.02752917	0.09788148	0.0013494
122.3	0.04473901	0.02752917	0.09788148	0.00140551
122.4	0.04473901	0.02752917	0.09788148	0.00141504
122.5	0.04473901	0.02752917	0.09788148	0.00137452
122.6	0.04473901	0.02752917	0.09788148	0.00133599
122.7	0.04473901	0.02752917	0.09788148	0.00140412
122.8	0.04473901	0.02752917	0.09788148	0.00138011
122.9	0.04473901	0.02752917	0.09788148	0.00134307
123	0.04473901	0.02752917	0.09788148	0.0013408
123.1	0.04473901	0.02752917	0.09788148	0.00139688
123.2	0.04473901	0.02752917	0.09788148	0.0013759
123.3	0.04473901	0.02752917	0.09788148	0.0013387
123.4	0.04473901	0.02752917	0.09788148	0.0014112
123.5	0.04473901	0.02752917	0.09788148	0.00138232
123.6	0.04473901	0.02752917	0.09788148	0.00142384
123.7	0.04473901	0.02752917	0.09788148	0.00135455
123.8	0.04473901	0.02752917	0.09788148	0.00134719
123.9	0.04473901	0.02752917	0.09788148	0.00140169
124	0.04473901	0.02752917	0.09788148	0.00136577
124.1	0.04473901	0.02752917	0.09788148	0.00134915
124.2	0.04473901	0.02752917	0.09788148	0.00142844
124.3	0.04473901	0.02752917	0.09788148	0.00136907
124.4	0.04473901	0.02752917	0.09788148	0.00137203
124.5	0.04473901	0.02752917	0.09788148	0.00140127
124.6	0.04473901	0.02752917	0.09788148	0.00140544
124.7	0.04473901	0.02752917	0.09788148	0.00140561
124.8	0.04473901	0.02752917	0.09788148	0.00133101
124.9	0.04473901	0.02752917	0.09788148	0.00142808
125	0.04473901	0.02752917	0.09788148	0.00138557
125.1	0.04473901	0.02752917	0.09788148	0.00142327
125.2	0.04473901	0.02752917	0.09788148	0.00139197
125.3	0.04473901	0.02752917	0.09788148	0.0014271
125.4	0.04473901	0.02752917	0.09788148	0.00133988
125.5	0.04473901	0.02752917	0.09788148	0.0013461
125.6	0.04473901	0.02752917	0.09788148	0.00132716
125.7	0.04473901	0.02752917	0.09788148	0.00143121
125.8	0.04473901	0.02752917	0.09788148	0.00140672
125.9	0.04473901	0.02752917	0.09788148	0.00132871
126	0.04473901	0.02752917	0.09788148	0.00136686
126.1	0.04473901	0.02752917	0.09788148	0.00133692
126.2	0.04473901	0.02752917	0.09788148	0.00134217
126.3	0.04473901	0.02752917	0.09788148	0.0013218
126.4	0.04473901	0.02752917	0.09788148	0.00136845
126.5	0.04473901	0.02752917	0.09788148	0.00137471
126.6	0.04473901	0.02752917	0.09788148	0.00142228
126.7	0.04473901	0.02752917	0.09788148	0.00133791
126.8	0.04473901	0.02752917	0.09788148	0.00141551
126.9	0.04473901	0.02752917	0.09788148	0.00141649
127	0.04473901	0.02752917	0.09788148	0.00141633
127.1	0.04473901	0.02752917	0.09788148	0.00139461
127.2	0.04473901	0.02752917	0.09788148	0.00139141
127.3	0.04473901	0.02752917	0.09788148	0.00135356
127.4	0.04473901	0.02752917	0.09788148	0.00140632
127.5	0.04473901	0.02752917	0.09788148	0.00141421
127.6	0.04473901	0.02752917	0.09788148	0.00134428
127.7	0.04473901	0.02752917	0.09788148	0.0013838
127.8	0.04473901	0.02752917	0.09788148	0.00136461
127.9	0.04473901	0.02752917	0.09788148	0.00142573
128	0.04473901	0.02752917	0.09788148	0.00133276
128.1	0.04473901	0.02752917	0.09788148	0.00133568
128.2	0.04473901	0.02752917	0.09788148	0.00132325
128.3	0.04473901	0.02752917	0.09788148	0.00136055
128.4	0.04473901	0.02752917	0.09788148	0.00137058
128.5	0.04473901	0.02752917	0.09788148	0.00137508
128.6	0.04473901	0.02752917	0.09788148	0.00134414
128.7	0.04473901	0.02752917	0.09788148	0.00139819
128.8	0.04473901	0.02752917	0.09788148	0.00137464
128.9	0.04473901	0.02752917	0.09788148	0.00140781
129	0.04473901	0.02752917	0.09788148	0.00139419
129.1	0.04473901	0.02752917	0.09788148	0.00139051
129.2	0.04473901	0.02752917	0.09788148	0.00136246
129.3	0.04473901	0.02752917	0.09788148	0.00132218
129.4	0.04473901	0.02752917	0.09788148	0.0013947
129.5	0.04473901	0.02752917	0.09788148	0.00140198
129.6	0.04473901	0.02752917	0.09788148	0.00137921
129.7	0.04473901	0.02752917	0.09788148	0.00134508
129.8	0.04473901	0.02752917	0.09788148	0.00139034
129.9	0.04473901	0.02752917	0.09788148	0.00139439
130	0.04473901	0.02752917	0.09788148	0.00136782
130.1	0.04473901	0.02752917	0.09788148	0.00137618
130.2	0.04473901	0.02752917	0.09788148	0.00135602
130.3	0.04473901	0.02752917	0.09788148	0.00140957
130.4	0.04473901	0.02752917	0.09788148	0.00138643
130.5	0.04473901	0.02752917	0.09788148	0.00135061
130.6	0.04473901	0.02752917	0.09788148	0.0014073
130.7	0.04473901	0.02752917	0.09788148	0.00135116
130.8	0.04473901	0.02752917	0.09788148	0.00135282
130.9	0.04473901	0.02752917	0.09788148	0.00136103
131	0.04473901	0.02752917	0.09788148	0.00136184
131.1	0.04473901	0.02752917	0.09788148	0.00138487
131.2	0.04473901	0.02752917	0.09788148	0.00138504
131.3	0.04473901	0.02752917	0.09788148	0.00134045
131.4	0.04473901	0.02752917	0.09788148	0.00142759
131.5	0.04473901	0.02752917	0.09788148	0.00133139
131.6	0.04473901	0.02752917	0.09788148	0.001395
131.7	0.04473901	0.02752917	0.09788148	0.00139436
131.8	0.04473901	0.02752917	0.09788148	0.00135115
131.9	0.04473901	0.02752917	0.09788148	0.00140501
132	0.04473901	0.02752917	0.09788148	0.00135273
132.1	0.04473901	0.02752917	0.09788148	0.00136534
132.2	0.04473901	0.02752917	0.09788148	0.00132665
132.3	0.04473901	0.02752917	0.09788148	0.0014156
132.4	0.04473901	0.02752917	0.09788148	0.00134715
132.5	0.04473901	0.02752917	0.09788148	0.00135487
132.6	0.04473901	0.02752917	0.09788148	0.00134901
132.7	0.04473901	0.02752917	0.09788148	0.0013374
132.8	0.04473901	0.02752917	0.09788148	0.00135884
132.9	0.04473901	0.02752917	0.09788148	0.00141049
133	0.04473901	0.02752917	0.09788148	0.00135622
133.1	0.04473901	0.02752917	0.09788148	0.00138044
133.2	0.04473901	0.02752917	0.09788148	0.00142847
133.3	0.04473901	0.02752917	0.09788148	0.00133456
133.4	0.04473901	0.02752917	0.09788148	0.00138713
133.5	0.04473901	0.02752917	0.09788148	0.00132436
133.6	0.04473901	0.02752917	0.09788148	0.00137136
133.7	0.04473901	0.02752917	0.09788148	0.00138209
133.8	0.04473901	0.02752917	0.09788148	0.00137688
133.9	0.04473901	0.02752917	0.09788148	0.00134219
134	0.04473901	0.02752917	0.09788148	0.00138388
134.1	0.04473901	0.02752917	0.09788148	0.00137306
134.2	0.04473901	0.02752917	0.09788148	0.00137766
134.3	0.04473901	0.02752917	0.09788148	0.00133415
134.4	0.04473901	0.02752917	0.09788148	0.00137057
134.5	0.04473901	0.02752917	0.09788148	0.00134462
134.6	0.04473901	0.02752917	0.09788148	0.00141282
134.7	0.04473901	0.02752917	0.09788148	0.00141531
134.8	0.04473901	0.02752917	0.09788148	0.00138852
134.9	0.04473901	0.02752917	0.09788148	0.00142294
135	0.04473901	0.02752917	0.09788148	0.00141191
135.1	0.04473901	0.02752917	0.09788148	0.00143075
135.2	0.04473901	0.02752917	0.09788148	0.00138597
135.3	0.04473901	0.02752917	0.09788148	0.0014005
135.4	0.04473901	0.02752917	0.09788148	0.00139279
135.5	0.04473901	0.02752917	0.09788148	0.00139666
135.6	0.04473901	0.02752917	0.09788148	0.00139831
135.7	0.04473901	0.02752917	0.09788148	0.00133512
135.8	0.04473901	0.02752917	0.09788148	0.00138843
135.9	0.04473901	0.02752917	0.09788148	0.00133126
136	0.04473901	0.02752917	0.09788148	0.00133082
136.1	0.04473901	0.02752917	0.09788148	0.00133644
136.2	0.04473901	0.02752917	0.09788148	0.00135768
136.3	0.04473901	0.02752917	0.09788148	0.00132243
136.4	0.04473901	0.02752917	0.09788148	0.00141034
136.5	0.04473901	0.02752917	0.09788148	0.00142228
136.6	0.04473901	0.02752917	0.09788148	0.00141823
136.7	0.04473901	0.02752917	0.09788148	0.00142156
136.8	0.04473901	0.02752917	0.09788148	0.0013357
136.9	0.04473901	0.02752917	0.09788148	0.00141645
137	0.04473901	0.02752917	0.09788148	0.00142235
137.1	0.04473901	0.02752917	0.09788148	0.00138319
137.2	0.04473901	0.02752917	0.09788148	0.00134735
137.3	0.04473901	0.02752917	0.09788148	0.00138965
137.4	0.04473901	0.02752917	0.09788148	0.00142227
137.5	0.04473901	0.02752917	0.09788148	0.00136256
137.6	0.04473901	0.02752917	0.09788148	0.00136405
137.7	0.04473901	0.02752917	0.09788148	0.00137353
137.8	0.04473901	0.02752917	0.09788148	0.00140535
137.9	0.04473901	0.02752917	0.09788148	0.00137142
138	0.04473901	0.02752917	0.09788148	0.00138977
138.1	0.04473901	0.02752917	0.09788148	0.00140607
138.2	0.04473901	0.02752917	0.09788148	0.00136767
138.3	0.04473901	0.02752917	0.09788148	0.00138879
138.4	0.04473901	0.02752917	0.09788148	0.00134773
138.5	0.04473901	0.02752917	0.09788148	0.00133792
138.6	0.04473901	0.02752917	0.09788148	0.0013942
138.7	0.04473901	0.02752917	0.09788148	0.0013606
138.8	0.04473901	0.02752917	0.09788148	0.00136054
138.9	0.04473901	0.02752917	0.09788148	0.00134278
139	0.04473901	0.02752917	0.09788148	0.00132996
139.1	0.04473901	0.02752917	0.09788148	0.00132628
139.2	0.04473901	0.02752917	0.09788148	0.00142329
139.3	0.04473901	0.02752917	0.09788148	0.00133498
139.4	0.04473901	0.02752917	0.09788148	0.00137618
139.5	0.04473901	0.02752917	0.09788148	0.00135366
139.6	0.04473901	0.02752917	0.09788148	0.00141721
139.7	0.04473901	0.02752917	0.09788148	0.00133424
139.8	0.04473901	0.02752917	0.09788148	0.00137164
139.9	0.04473901	0.02752917	0.09788148	0.00137061
140	0.04473901	0.02752917	0.09788148	0.00134809
140.1	0.04473901	0.02752917	0.09788148	0.00137482
140.2	0.04473901	0.02752917	0.09788148	0.0014231
140.3	0.04473901	0.02752917	0.09788148	0.00138397
140.4	0.04473901	0.02752917	0.09788148	0.00139499
140.5	0.04473901	0.02752917	0.09788148	0.00137997
140.6	0.04473901	0.02752917	0.09788148	0.00132185
140.7	0.04473901	0.02752917	0.09788148	0.00142037
140.8	0.04473901	0.02752917	0.09788148	0.00138193
140.9	0.04473901	0.02752917	0.09788148	0.00136681
141	0.04473901	0.02752917	0.09788148	0.00142684
141.1	0.04473901	0.02752917	0.09788148	0.00141884
141.2	0.04473901	0.02752917	0.09788148	0.00137285
141.3	0.04473901	0.02752917	0.09788148	0.00136282
141.4	0.04473901	0.02752917	0.09788148	0.00138579
141.5	0.04473901	0.02752917	0.09788148	0.00142484
141.6	0.04473901	0.02752917	0.09788148	0.00141179
141.7	0.04473901	0.02752917	0.09788148	0.00135277
141.8	0.04473901	0.02752917	0.09788148	0.00137709
141.9	0.04473901	0.02752917	0.09788148	0.00133734
142	0.04473901	0.02752917	0.09788148	0.00135861
142.1	0.04473901	0.02752917	0.09788148	0.00132223
142.2	0.04473901	0.02752917	0.09788148	0.00141935
142.3	0.04473901	0.02752917	0.09788148	0.00135548
142.4	0.04473901	0.02752917	0.09788148	0.00142909
142.5	0.04473901	0.02752917	0.09788148	0.00137284
142.6	0.04473901	0.02752917	0.09788148	0.00140064
142.7	0.04473901	0.02752917	0.09788148	0.00141235
142.8	0.04473901	0.02752917	0.09788148	0.00139446
142.9	0.04473901	0.02752917	0.09788148	0.00141531
143	0.04473901	0.02752917	0.09788148	0.00136943
143.1	0.04473901	0.02752917	0.09788148	0.00137629
143.2	0.04473901	0.02752917	0.09788148	0.00139017
143.3	0.04473901	0.02752917	0.09788148	0.0013905
143.4	0.04473901	0.02752917	0.09788148	0.0013869
143.5	0.04473901	0.02752917	0.09788148	0.00136684
143.6	0.04473901	0.02752917	0.09788148	0.00132984
143.7	0.04473901	0.02752917	0.09788148	0.00135879
143.8	0.04473901	0.02752917	0.09788148	0.00132551
143.9	0.04473901	0.02752917	0.09788148	0.00135971
144	0.04473901	0.02752917	0.09788148	0.00135167
144.1	0.04473901	0.02752917	0.09788148	0.0013683
144.2	0.04473901	0.02752917	0.09788148	0.00139592
144.3	0.04473901	0.02752917	0.09788148	0.00137812
144.4	0.04473901	0.02752917	0.09788148	0.00139172
144.5	0.04473901	0.02752917	0.09788148	0.00133254
144.6	0.04473901	0.02752917	0.09788148	0.00133853
144.7	0.04473901	0.02752917	0.09788148	0.00135157
144.8	0.04473901	0.02752917	0.09788148	0.00135911
144.9	0.04473901	0.02752917	0.09788148	0.00141269
145	0.04473901	0.02752917	0.09788148	0.00138232
145.1	0.04473901	0.02752917	0.09788148	0.0013395
145.2	0.04473901	0.02752917	0.09788148	0.00133881
145.3	0.04473901	0.02752917	0.09788148	0.00132994
145.4	0.04473901	0.02752917	0.09788148	0.00132596
145.5	0.04473901	0.02752917	0.09788148	0.00133577
145.6	0.04473901	0.02752917	0.09788148	0.0013766
145.7	0.04473901	0.02752917	0.09788148	0.00132402
145.8	0.04473901	0.02752917	0.09788148	0.00139016
145.9	0.04473901	0.02752917	0.09788148	0.00135959
146	0.04473901	0.02752917	0.09788148	0.00132258
146.1	0.04473901	0.02752917	0.09788148	0.00140973
146.2	0.04473901	0.02752917	0.09788148	0.00139474
146.3	0.04473901	0.02752917	0.09788148	0.00142564
146.4	0.04473901	0.02752917	0.09788148	0.00140542
146.5	0.04473901	0.02752917	0.09788148	0.00139761
146.6	0.04473901	0.02752917	0.09788148	0.00136669
146.7	0.04473901	0.02752917	0.09788148	0.00134877
146.8	0.04473901	0.02752917	0.09788148	0.0013514
146.9	0.04473901	0.02752917	0.09788148	0.00135687
147	0.04473901	0.02752917	0.09788148	0.00140237
147.1	0.04473901	0.02752917	0.09788148	0.00139503
147.2	0.04473901	0.02752917	0.09788148	0.00133778
147.3	0.04473901	0.02752917	0.09788148	0.00137617
147.4	0.04473901	0.02752917	0.09788148	0.00137415
147.5	0.04473901	0.02752917	0.09788148	0.00137687
147.6	0.04473901	0.02752917	0.09788148	0.00133336
147.7	0.04473901	0.02752917	0.09788148	0.00134535
147.8	0.04473901	0.02752917	0.09788148	0.00136948
147.9	0.04473901	0.02752917	0.09788148	0.00140824
148	0.04473901	0.02752917	0.09788148	0.00135566
148.1	0.04473901	0.02752917	0.09788148	0.00135152
148.2	0.04473901	0.02752917	0.09788148	0.00139826
148.3	0.04473901	0.02752917	0.09788148	0.00141216
148.4	0.04473901	0.02752917	0.09788148	0.0013936
148.5	0.04473901	0.02752917	0.09788148	0.00142084
148.6	0.04473901	0.02752917	0.09788148	0.00132925
148.7	0.04473901	0.02752917	0.09788148	0.00140763
148.8	0.04473901	0.02752917	0.09788148	0.00140133
148.9	0.04473901	0.02752917	0.09788148	0.00134512
149	0.04473901	0.02752917	0.09788148	0.00140381
149.1	0.04473901	0.02752917	0.09788148	0.0013505
149.2	0.04473901	0.02752917	0.09788148	0.00133609
149.3	0.04473901	0.02752917	0.09788148	0.00133985
149.4	0.04473901	0.02752917	0.09788148	0.00135999
149.5	0.04473901	0.02752917	0.09788148	0.00139707
149.6	0.04473901	0.02752917	0.09788148	0.00132329
149.7	0.04473901	0.02752917	0.09788148	0.00139191
149.8	0.04473901	0.02752917	0.09788148	0.00134005
149.9	0.04473901	0.02752917	0.09788148	0.00138676
150	0.04473901	0.02752917	0.09788148	0.00134968
150.1	0.04473901	0.02752917	0.09788148	0.00134991
150.2	0.04473901	0.02752917	0.09788148	0.00138976
150.3	0.04473901	0.02752917	0.09788148	0.00142487
150.4	0.04473901	0.02752917	0.09788148	0.00133171
150.5	0.04473901	0.02752917	0.09788148	0.00137024
150.6	0.04473901	0.02752917	0.09788148	0.00137582
150.7	0.04473901	0.02752917	0.09788148	0.00140104
150.8	0.04473901	0.02752917	0.09788148	0.0013991
150.9	0.04473901	0.02752917	0.09788148	0.00138565
151	0.04473901	0.02752917	0.09788148	0.00140776
151.1	0.04473901	0.02752917	0.09788148	0.00133545
151.2	0.04473901	0.02752917	0.09788148	0.00140152
151.3	0.04473901	0.02752917	0.09788148	0.00135079
151.4	0.04473901	0.02752917	0.09788148	0.00140844
151.5	0.04473901	0.02752917	0.09788148	0.00137556
151.6	0.04473901	0.02752917	0.09788148	0.00137329
151.7	0.04473901	0.02752917	0.09788148	0.00140228
151.8	0.04473901	0.02752917	0.09788148	0.00136308
151.9	0.04473901	0.02752917	0.09788148	0.00138805
152	0.04473901	0.02752917	0.09788148	0.0013622
152.1	0.04473901	0.02752917	0.09788148	0.00136655
152.2	0.04473901	0.02752917	0.09788148	0.00137972
152.3	0.04473901	0.02752917	0.09788148	0.00135246
152.4	0.04473901	0.02752917	0.09788148	0.00137284
152.5	0.04473901	0.02752917	0.09788148	0.00138561
152.6	0.04473901	0.02752917	0.09788148	0.00136811
152.7	0.04473901	0.02752917	0.09788148	0.00133183
152.8	0.04473901	0.02752917	0.09788148	0.00137639
152.9	0.04473901	0.02752917	0.09788148	0.00136469
153	0.04473901	0.02752917	0.09788148	0.00134634
153.1	0.04473901	0.02752917	0.09788148	0.00137928
153.2	0.04473901	0.02752917	0.09788148	0.00133249
153.3	0.04473901	0.02752917	0.09788148	0.00142939
153.4	0.04473901	0.02752917	0.09788148	0.00142286
153.5	0.04473901	0.02752917	0.09788148	0.00140942
153.6	0.04473901	0.02752917	0.09788148	0.00136474
153.7	0.04473901	0.02752917	0.09788148	0.00133426
153.8	0.04473901	0.02752917	0.09788148	0.0013722
153.9	0.04473901	0.02752917	0.09788148	0.00133395
154	0.04473901	0.02752917	0.09788148	0.00141108
154.1	0.04473901	0.02752917	0.09788148	0.00141809
154.2	0.04473901	0.02752917	0.09788148	0.00141998
154.3	0.04473901	0.02752917	0.09788148	0.00133122
154.4	0.04473901	0.02752917	0.09788148	0.00140009
154.5	0.04473901	0.02752917	0.09788148	0.00132941
154.6	0.04473901	0.02752917	0.09788148	0.001361
154.7	0.04473901	0.02752917	0.09788148	0.00142206
154.8	0.04473901	0.02752917	0.09788148	0.00134188
154.9	0.04473901	0.02752917	0.09788148	0.00133668
155	0.04473901	0.02752917	0.09788148	0.00136453
155.1	0.04473901	0.02752917	0.09788148	0.00141161
155.2	0.04473901	0.02752917	0.09788148	0.00140196
155.3	0.04473901	0.02752917	0.09788148	0.00134117
155.4	0.04473901	0.02752917	0.09788148	0.00134387
155.5	0.04473901	0.02752917	0.09788148	0.00133766
155.6	0.04473901	0.02752917	0.09788148	0.00138269
155.7	0.04473901	0.02752917	0.09788148	0.00140514
155.8	0.04473901	0.02752917	0.09788148	0.00137271
155.9	0.04473901	0.02752917	0.09788148	0.00133769
156	0.04473901	0.02752917	0.09788148	0.00133861
156.1	0.04473901	0.02752917	0.09788148	0.0013555
156.2	0.04473901	0.02752917	0.09788148	0.00137514
156.3	0.04473901	0.02752917	0.09788148	0.00135022
156.4	0.04473901	0.02752917	0.09788148	0.00141384
156.5	0.04473901	0.02752917	0.09788148	0.00135427
156.6	0.04473901	0.02752917	0.09788148	0.00133536
156.7	0.04473901	0.02752917	0.09788148	0.00133239
156.8	0.04473901	0.02752917	0.09788148	0.00142334
156.9	0.04473901	0.02752917	0.09788148	0.00133061
157	0.04473901	0.02752917	0.09788148	0.0013703
157.1	0.04473901	0.02752917	0.09788148	0.0013588
157.2	0.04473901	0.02752917	0.09788148	0.00135645
157.3	0.04473901	0.02752917	0.09788148	0.00141095
157.4	0.04473901	0.02752917	0.09788148	0.00138519
157.5	0.04473901	0.02752917	0.09788148	0.00137816
157.6	0.04473901	0.02752917	0.09788148	0.00136522
157.7	0.04473901	0.02752917	0.09788148	0.00138135
157.8	0.04473901	0.02752917	0.09788148	0.00134197
157.9	0.04473901	0.02752917	0.09788148	0.00141211
158	0.04473901	0.02752917	0.09788148	0.00141639
158.1	0.04473901	0.02752917	0.09788148	0.00139257
158.2	0.04473901	0.02752917	0.09788148	0.00139926
158.3	0.04473901	0.02752917	0.09788148	0.001413
158.4	0.04473901	0.02752917	0.09788148	0.00138157
158.5	0.04473901	0.02752917	0.09788148	0.00133754
158.6	0.04473901	0.02752917	0.09788148	0.00136427
158.7	0.04473901	0.02752917	0.09788148	0.00136756
158.8	0.04473901	0.02752917	0.09788148	0.00138236
158.9	0.04473901	0.02752917	0.09788148	0.00133666
159	0.04473901	0.02752917	0.09788148	0.00140798
159.1	0.04473901	0.02752917	0.09788148	0.00135245
159.2	0.04473901	0.02752917	0.09788148	0.00133592
159.3	0.04473901	0.02752917	0.09788148	0.00140369
159.4	0.04473901	0.02752917	0.09788148	0.00142424
159.5	0.04473901	0.02752917	0.09788148	0.00138937
159.6	0.04473901	0.02752917	0.09788148	0.00137484
159.7	0.04473901	0.02752917	0.09788148	0.00139634
159.8	0.04473901	0.02752917	0.09788148	0.00133494
159.9	0.04473901	0.02752917	0.09788148	0.00134763
160	0.04473901	0.02752917	0.09788148	0.00142296
160.1	0.04473901	0.02752917	0.09788148	0.00135097
160.2	0.04473901	0.02752917	0.09788148	0.00135782
160.3	0.04473901	0.02752917	0.09788148	0.0013826
160.4	0.04473901	0.02752917	0.09788148	0.00133174
160.5	0.04473901	0.02752917	0.09788148	0.00142416
160.6	0.04473901	0.02752917	0.09788148	0.00137852
160.7	0.04473901	0.02752917	0.09788148	0.00141193
160.8	0.04473901	0.02752917	0.09788148	0.00138869
160.9	0.04473901	0.02752917	0.09788148	0.00132175
161	0.04473901	0.02752917	0.09788148	0.00132494
161.1	0.04473901	0.02752917	0.09788148	0.0013978
161.2	0.04473901	0.02752917	0.09788148	0.00137116
161.3	0.04473901	0.02752917	0.09788148	0.0014283
161.4	0.04473901	0.02752917	0.09788148	0.00134319
161.5	0.04473901	0.02752917	0.09788148	0.0013995
161.6	0.04473901	0.02752917	0.09788148	0.0013865
161.7	0.04473901	0.02752917	0.09788148	0.0013563
161.8	0.04473901	0.02752917	0.09788148	0.00132267
161.9	0.04473901	0.02752917	0.09788148	0.00136195
162	0.04473901	0.02752917	0.09788148	0.0013248
162.1	0.04473901	0.02752917	0.09788148	0.00132626
162.2	0.04473901	0.02752917	0.09788148	0.001333
162.3	0.04473901	0.02752917	0.09788148	0.00140623
162.4	0.04473901	0.02752917	0.09788148	0.0013276
162.5	0.04473901	0.02752917	0.09788148	0.00133362
162.6	0.04473901	0.02752917	0.09788148	0.00139251
162.7	0.04473901	0.02752917	0.09788148	0.00138758
162.8	0.04473901	0.02752917	0.09788148	0.00136258
162.9	0.04473901	0.02752917	0.09788148	0.00134551
163	0.04473901	0.02752917	0.09788148	0.0013321
163.1	0.04473901	0.02752917	0.09788148	0.0013586
163.2	0.04473901	0.02752917	0.09788148	0.00142477
163.3	0.04473901	0.02752917	0.09788148	0.00140115
163.4	0.04473901	0.02752917	0.09788148	0.00141013
163.5	0.04473901	0.02752917	0.09788148	0.00140244
163.6	0.04473901	0.02752917	0.09788148	0.00133856
163.7	0.04473901	0.02752917	0.09788148	0.00138133
163.8	0.04473901	0.02752917	0.09788148	0.00141668
163.9	0.04473901	0.02752917	0.09788148	0.00136426
164	0.04473901	0.02752917	0.09788148	0.00132821
164.1	0.04473901	0.02752917	0.09788148	0.00140315
164.2	0.04473901	0.02752917	0.09788148	0.00137728
164.3	0.04473901	0.02752917	0.09788148	0.0013517
164.4	0.04473901	0.02752917	0.09788148	0.00134958
164.5	0.04473901	0.02752917	0.09788148	0.00137841
164.6	0.04473901	0.02752917	0.09788148	0.00142695
164.7	0.04473901	0.02752917	0.09788148	0.00138174
164.8	0.04473901	0.02752917	0.09788148	0.00136676
164.9	0.04473901	0.02752917	0.09788148	0.00138437
165	0.04473901	0.02752917	0.09788148	0.0013484
165.1	0.04473901	0.02752917	0.09788148	0.00136596
165.2	0.04473901	0.02752917	0.09788148	0.00134167
165.3	0.04473901	0.02752917	0.09788148	0.00137764
165.4	0.04473901	0.02752917	0.09788148	0.00139926
165.5	0.04473901	0.02752917	0.09788148	0.00132994
165.6	0.04473901	0.02752917	0.09788148	0.00136303
165.7	0.04473901	0.02752917	0.09788148	0.0013433
165.8	0.04473901	0.02752917	0.09788148	0.00141598
165.9	0.04473901	0.02752917	0.09788148	0.00139843
166	0.04473901	0.02752917	0.09788148	0.00140536
166.1	0.04473901	0.02752917	0.09788148	0.00134937
166.2	0.04473901	0.02752917	0.09788148	0.00134266
166.3	0.04473901	0.02752917	0.09788148	0.00137136
166.4	0.04473901	0.02752917	0.09788148	0.0014225
166.5	0.04473901	0.02752917	0.09788148	0.00139267
166.6	0.04473901	0.02752917	0.09788148	0.00136128
166.7	0.04473901	0.02752917	0.09788148	0.00142536
166.8	0.04473901	0.02752917	0.09788148	0.00141027
166.9	0.04473901	0.02752917	0.09788148	0.00133963
167	0.04473901	0.02752917	0.09788148	0.00134497
167.1	0.04473901	0.02752917	0.09788148	0.0013232
167.2	0.04473901	0.02752917	0.09788148	0.00142383
167.3	0.04473901	0.02752917	0.09788148	0.00138506
167.4	0.04473901	0.02752917	0.09788148	0.00137847
167.5	0.04473901	0.02752917	0.09788148	0.00138454
167.6	0.04473901	0.02752917	0.09788148	0.00142198
167.7	0.04473901	0.02752917	0.09788148	0.0013826
167.8	0.04473901	0.02752917	0.09788148	0.00133142
167.9	0.04473901	0.02752917	0.09788148	0.00132802
168	0.04473901	0.02752917	0.09788148	0.001362
168.1	0.04473901	0.02752917	0.09788148	0.00137866
168.2	0.04473901	0.02752917	0.09788148	0.0013735
168.3	0.04473901	0.02752917	0.09788148	0.00137354
168.4	0.04473901	0.02752917	0.09788148	0.00142056
168.5	0.04473901	0.02752917	0.09788148	0.00141902
168.6	0.04473901	0.02752917	0.09788148	0.00133559
168.7	0.04473901	0.02752917	0.09788148	0.00138788
168.8	0.04473901	0.02752917	0.09788148	0.00133673
168.9	0.04473901	0.02752917	0.09788148	0.00132192
169	0.04473901	0.02752917	0.09788148	0.00137524
169.1	0.04473901	0.02752917	0.09788148	0.00135321
169.2	0.04473901	0.02752917	0.09788148	0.00140096
169.3	0.04473901	0.02752917	0.09788148	0.00141427
169.4	0.04473901	0.02752917	0.09788148	0.00139017
169.5	0.04473901	0.02752917	0.09788148	0.0014182
169.6	0.04473901	0.02752917	0.09788148	0.00141587
169.7	0.04473901	0.02752917	0.09788148	0.00134928
169.8	0.04473901	0.02752917	0.09788148	0.00133142
169.9	0.04473901	0.02752917	0.09788148	0.00141686
170	0.04473901	0.02752917	0.09788148	0.00142352
170.1	0.04473901	0.02752917	0.09788148	0.00137827
170.2	0.04473901	0.02752917	0.09788148	0.00138823
170.3	0.04473901	0.02752917	0.09788148	0.00138618
170.4	0.04473901	0.02752917	0.09788148	0.00135733
170.5	0.04473901	0.02752917	0.09788148	0.00133669
170.6	0.04473901	0.02752917	0.09788148	0.00139935
170.7	0.04473901	0.02752917	0.09788148	0.0014131
170.8	0.04473901	0.02752917	0.09788148	0.00141983
170.9	0.04473901	0.02752917	0.09788148	0.00139207
171	0.04473901	0.02752917	0.09788148	0.00140524
171.1	0.04473901	0.02752917	0.09788148	0.00134735
171.2	0.04473901	0.02752917	0.09788148	0.00134336
171.3	0.04473901	0.02752917	0.09788148	0.00135506
171.4	0.04473901	0.02752917	0.09788148	0.0014239
171.5	0.04473901	0.02752917	0.09788148	0.00134238
171.6	0.04473901	0.02752917	0.09788148	0.00136917
171.7	0.04473901	0.02752917	0.09788148	0.00141808
171.8	0.04473901	0.02752917	0.09788148	0.00140096
171.9	0.04473901	0.02752917	0.09788148	0.00136051
172	0.04473901	0.02752917	0.09788148	0.00136705
172.1	0.04473901	0.02752917	0.09788148	0.00141723
172.2	0.04473901	0.02752917	0.09788148	0.0013693
172.3	0.04473901	0.02752917	0.09788148	0.00139909
172.4	0.04473901	0.02752917	0.09788148	0.00137574
172.5	0.04473901	0.02752917	0.09788148	0.00141696
172.6	0.04473901	0.02752917	0.09788148	0.00133472
172.7	0.04473901	0.02752917	0.09788148	0.00133203
172.8	0.04473901	0.02752917	0.09788148	0.00133496
172.9	0.04473901	0.02752917	0.09788148	0.00132278
173	0.04473901	0.02752917	0.09788148	0.00132265
173.1	0.04473901	0.02752917	0.09788148	0.00138185
173.2	0.04473901	0.02752917	0.09788148	0.00132227
173.3	0.04473901	0.02752917	0.09788148	0.00137258
173.4	0.04473901	0.02752917	0.09788148	0.00133247
173.5	0.04473901	0.02752917	0.09788148	0.00133717
173.6	0.04473901	0.02752917	0.09788148	0.00134152
173.7	0.04473901	0.02752917	0.09788148	0.00140641
173.8	0.04473901	0.02752917	0.09788148	0.00134514
173.9	0.04473901	0.02752917	0.09788148	0.00136952
174	0.04473901	0.02752917	0.09788148	0.00135648
174.1	0.04473901	0.02752917	0.09788148	0.00136329
174.2	0.04473901	0.02752917	0.09788148	0.00142535
174.3	0.04473901	0.02752917	0.09788148	0.00136032
174.4	0.04473901	0.02752917	0.09788148	0.00135848
174.5	0.04473901	0.02752917	0.09788148	0.00133164
174.6	0.04473901	0.02752917	0.09788148	0.00133359
174.7	0.04473901	0.02752917	0.09788148	0.00133463
174.8	0.04473901	0.02752917	0.09788148	0.00140412
174.9	0.04473901	0.02752917	0.09788148	0.00136911
175	0.04473901	0.02752917	0.09788148	0.00138196
175.1	0.04473901	0.02752917	0.09788148	0.00140272
175.2	0.04473901	0.02752917	0.09788148	0.00134712
175.3	0.04473901	0.02752917	0.09788148	0.00133065
175.4	0.04473901	0.02752917	0.09788148	0.00135605
175.5	0.04473901	0.02752917	0.09788148	0.00135234
175.6	0.04473901	0.02752917	0.09788148	0.00139505
175.7	0.04473901	0.02752917	0.09788148	0.00133213
175.8	0.04473901	0.02752917	0.09788148	0.00135224
175.9	0.04473901	0.02752917	0.09788148	0.00138837
176	0.04473901	0.02752917	0.09788148	0.00142492
176.1	0.04473901	0.02752917	0.09788148	0.0013781
176.2	0.04473901	0.02752917	0.09788148	0.00140652
176.3	0.04473901	0.02752917	0.09788148	0.00138391
176.4	0.04473901	0.02752917	0.09788148	0.00138581
176.5	0.04473901	0.02752917	0.09788148	0.00133881
176.6	0.04473901	0.02752917	0.09788148	0.00142251
176.7	0.04473901	0.02752917	0.09788148	0.00142
176.8	0.04473901	0.02752917	0.09788148	0.00133609
176.9	0.04473901	0.02752917	0.09788148	0.0013557
177	0.04473901	0.02752917	0.09788148	0.00143136
177.1	0.04473901	0.02752917	0.09788148	0.00133178
177.2	0.04473901	0.02752917	0.09788148	0.00134344
177.3	0.04473901	0.02752917	0.09788148	0.00140094
177.4	0.04473901	0.02752917	0.09788148	0.0013292
177.5	0.04473901	0.02752917	0.09788148	0.00135335
177.6	0.04473901	0.02752917	0.09788148	0.00140617
177.7	0.04473901	0.02752917	0.09788148	0.00136175
177.8	0.04473901	0.02752917	0.09788148	0.00139183
177.9	0.04473901	0.02752917	0.09788148	0.00139965
178	0.04473901	0.02752917	0.09788148	0.00133872
178.1	0.04473901	0.02752917	0.09788148	0.00139591
178.2	0.04473901	0.02752917	0.09788148	0.00132863
178.3	0.04473901	0.02752917	0.09788148	0.00142242
178.4	0.04473901	0.02752917	0.09788148	0.00142465
178.5	0.04473901	0.02752917	0.09788148	0.00139179
178.6	0.04473901	0.02752917	0.09788148	0.00134304
178.7	0.04473901	0.02752917	0.09788148	0.00135345
178.8	0.04473901	0.02752917	0.09788148	0.00134307
178.9	0.04473901	0.02752917	0.09788148	0.00135238
179	0.04473901	0.02752917	0.09788148	0.00140488
179.1	0.04473901	0.02752917	0.09788148	0.00140447
179.2	0.04473901	0.02752917	0.09788148	0.00140695
179.3	0.04473901	0.02752917	0.09788148	0.00139175
179.4	0.04473901	0.02752917	0.09788148	0.00142099
179.5	0.04473901	0.02752917	0.09788148	0.00137241
179.6	0.04473901	0.02752917	0.09788148	0.00136407
179.7	0.04473901	0.02752917	0.09788148	0.00135965
179.8	0.04473901	0.02752917	0.09788148	0.00137392
179.9	0.04473901	0.02752917	0.09788148	0.00133507
180	0.04473901	0.02752917	0.09788148	0.00135011
180.1	0.04473901	0.02752917	0.09788148	0.00140163
180.2	0.04473901	0.02752917	0.09788148	0.00140707
180.3	0.04473901	0.02752917	0.09788148	0.00137014
180.4	0.04473901	0.02752917	0.09788148	0.00137874
180.5	0.04473901	0.02752917	0.09788148	0.00135965
180.6	0.04473901	0.02752917	0.09788148	0.00140026
180.7	0.04473901	0.02752917	0.09788148	0.00141968
180.8	0.04473901	0.02752917	0.09788148	0.00136419
180.9	0.04473901	0.02752917	0.09788148	0.00135941
181	0.04473901	0.02752917	0.09788148	0.00141072
181.1	0.04473901	0.02752917	0.09788148	0.00136
181.2	0.04473901	0.02752917	0.09788148	0.00142146
181.3	0.04473901	0.02752917	0.09788148	0.0014217
181.4	0.04473901	0.02752917	0.09788148	0.00142942
181.5	0.04473901	0.02752917	0.09788148	0.00142267
181.6	0.04473901	0.02752917	0.09788148	0.00140839
181.7	0.04473901	0.02752917	0.09788148	0.00135071
181.8	0.04473901	0.02752917	0.09788148	0.00140878
181.9	0.04473901	0.02752917	0.09788148	0.00137803
182	0.04473901	0.02752917	0.09788148	0.00135723
182.1	0.04473901	0.02752917	0.09788148	0.00132918
182.2	0.04473901	0.02752917	0.09788148	0.00139346
182.3	0.04473901	0.02752917	0.09788148	0.00132413
182.4	0.04473901	0.02752917	0.09788148	0.00135289
182.5	0.04473901	0.02752917	0.09788148	0.00142134
182.6	0.04473901	0.02752917	0.09788148	0.00141181
182.7	0.04473901	0.02752917	0.09788148	0.00135472
182.8	0.04473901	0.02752917	0.09788148	0.00135555
182.9	0.04473901	0.02752917	0.09788148	0.00134962
183	0.04473901	0.02752917	0.09788148	0.00134658
183.1	0.04473901	0.02752917	0.09788148	0.0013553
183.2	0.04473901	0.02752917	0.09788148	0.00132847
183.3	0.04473901	0.02752917	0.09788148	0.00134758
183.4	0.04473901	0.02752917	0.09788148	0.00137998
183.5	0.04473901	0.02752917	0.09788148	0.0013312
183.6	0.04473901	0.02752917	0.09788148	0.00136353
183.7	0.04473901	0.02752917	0.09788148	0.00136213
183.8	0.04473901	0.02752917	0.09788148	0.00135208
183.9	0.04473901	0.02752917	0.09788148	0.00135965
184	0.04473901	0.02752917	0.09788148	0.00140644
184.1	0.04473901	0.02752917	0.09788148	0.00139937
184.2	0.04473901	0.02752917	0.09788148	0.00138361
184.3	0.04473901	0.02752917	0.09788148	0.00136306
184.4	0.04473901	0.02752917	0.09788148	0.00136801
184.5	0.04473901	0.02752917	0.09788148	0.00141713
184.6	0.04473901	0.02752917	0.09788148	0.00141052
184.7	0.04473901	0.02752917	0.09788148	0.00134272
184.8	0.04473901	0.02752917	0.09788148	0.00142118
184.9	0.04473901	0.02752917	0.09788148	0.00135315
185	0.04473901	0.02752917	0.09788148	0.00133066
185.1	0.04473901	0.02752917	0.09788148	0.00142712
185.2	0.04473901	0.02752917	0.09788148	0.00135632
185.3	0.04473901	0.02752917	0.09788148	0.00136862
185.4	0.04473901	0.02752917	0.09788148	0.00136231
185.5	0.04473901	0.02752917	0.09788148	0.00140161
185.6	0.04473901	0.02752917	0.09788148	0.00133361
185.7	0.04473901	0.02752917	0.09788148	0.00132423
185.8	0.04473901	0.02752917	0.09788148	0.00135967
185.9	0.04473901	0.02752917	0.09788148	0.00138737
186	0.04473901	0.02752917	0.09788148	0.00134201
186.1	0.04473901	0.02752917	0.09788148	0.00142141
186.2	0.04473901	0.02752917	0.09788148	0.00141314
186.3	0.04473901	0.02752917	0.09788148	0.00138662
186.4	0.04473901	0.02752917	0.09788148	0.00137476
186.5	0.04473901	0.02752917	0.09788148	0.00132516
186.6	0.04473901	0.02752917	0.09788148	0.00133554
186.7	0.04473901	0.02752917	0.09788148	0.00135662
186.8	0.04473901	0.02752917	0.09788148	0.00136169
186.9	0.04473901	0.02752917	0.09788148	0.00142758
187	0.04473901	0.02752917	0.09788148	0.00141178
187.1	0.04473901	0.02752917	0.09788148	0.0014257
187.2	0.04473901	0.02752917	0.09788148	0.00134465
187.3	0.04473901	0.02752917	0.09788148	0.00136757
187.4	0.04473901	0.02752917	0.09788148	0.00139669
187.5	0.04473901	0.02752917	0.09788148	0.00135566
187.6	0.04473901	0.02752917	0.09788148	0.00142786
187.7	0.04473901	0.02752917	0.09788148	0.00132162
187.8	0.04473901	0.02752917	0.09788148	0.00141454
187.9	0.04473901	0.02752917	0.09788148	0.00140685
188	0.04473901	0.02752917	0.09788148	0.001398
188.1	0.04473901	0.02752917	0.09788148	0.00138742
188.2	0.04473901	0.02752917	0.09788148	0.00133073
188.3	0.04473901	0.02752917	0.09788148	0.00140301
188.4	0.04473901	0.02752917	0.09788148	0.00141442
188.5	0.04473901	0.02752917	0.09788148	0.00139695
188.6	0.04473901	0.02752917	0.09788148	0.00135469
188.7	0.04473901	0.02752917	0.09788148	0.00140725
188.8	0.04473901	0.02752917	0.09788148	0.00142262
188.9	0.04473901	0.02752917	0.09788148	0.00135306
189	0.04473901	0.02752917	0.09788148	0.00142712
189.1	0.04473901	0.02752917	0.09788148	0.00132868
189.2	0.04473901	0.02752917	0.09788148	0.00133994
189.3	0.04473901	0.02752917	0.09788148	0.00132623
189.4	0.04473901	0.02752917	0.09788148	0.00134698
189.5	0.04473901	0.02752917	0.09788148	0.00134942
189.6	0.04473901	0.02752917	0.09788148	0.00134146
189.7	0.04473901	0.02752917	0.09788148	0.00137123
189.8	0.04473901	0.02752917	0.09788148	0.00142173
189.9	0.04473901	0.02752917	0.09788148	0.00142256
190	0.04473901	0.02752917	0.09788148	0.00141368
190.1	0.04473901	0.02752917	0.09788148	0.00140435
190.2	0.04473901	0.02752917	0.09788148	0.00141435
190.3	0.04473901	0.02752917	0.09788148	0.00135968
190.4	0.04473901	0.02752917	0.09788148	0.00135261
190.5	0.04473901	0.02752917	0.09788148	0.0013737
190.6	0.04473901	0.02752917	0.09788148	0.00138757
190.7	0.04473901	0.02752917	0.09788148	0.00142921
190.8	0.04473901	0.02752917	0.09788148	0.00141479
190.9	0.04473901	0.02752917	0.09788148	0.00141676
191	0.04473901	0.02752917	0.09788148	0.001376
191.1	0.04473901	0.02752917	0.09788148	0.00142224
191.2	0.04473901	0.02752917	0.09788148	0.00139159
191.3	0.04473901	0.02752917	0.09788148	0.00140206
191.4	0.04473901	0.02752917	0.09788148	0.00142439
191.5	0.04473901	0.02752917	0.09788148	0.00137105
191.6	0.04473901	0.02752917	0.09788148	0.00141343
191.7	0.04473901	0.02752917	0.09788148	0.00139304
191.8	0.04473901	0.02752917	0.09788148	0.00142817
191.9	0.04473901	0.02752917	0.09788148	0.00142815
192	0.04473901	0.02752917	0.09788148	0.00137923
192.1	0.04473901	0.02752917	0.09788148	0.0013555
192.2	0.04473901	0.02752917	0.09788148	0.00141986
192.3	0.04473901	0.02752917	0.09788148	0.00132523
192.4	0.04473901	0.02752917	0.09788148	0.00132324
192.5	0.04473901	0.02752917	0.09788148	0.00142576
192.6	0.04473901	0.02752917	0.09788148	0.00138562
192.7	0.04473901	0.02752917	0.09788148	0.0013748
192.8	0.04473901	0.02752917	0.09788148	0.00132538
192.9	0.04473901	0.02752917	0.09788148	0.00143072
193	0.04473901	0.02752917	0.09788148	0.00137828
193.1	0.04473901	0.02752917	0.09788148	0.00141109
193.2	0.04473901	0.02752917	0.09788148	0.00141625
193.3	0.04473901	0.02752917	0.09788148	0.0013646
193.4	0.04473901	0.02752917	0.09788148	0.00134483
193.5	0.04473901	0.02752917	0.09788148	0.00140847
193.6	0.04473901	0.02752917	0.09788148	0.00132976
193.7	0.04473901	0.02752917	0.09788148	0.00133132
193.8	0.04473901	0.02752917	0.09788148	0.00134809
193.9	0.04473901	0.02752917	0.09788148	0.00143072
194	0.04473901	0.02752917	0.09788148	0.00139423
194.1	0.04473901	0.02752917	0.09788148	0.0014018
194.2	0.04473901	0.02752917	0.09788148	0.00139677
194.3	0.04473901	0.02752917	0.09788148	0.00139467
194.4	0.04473901	0.02752917	0.09788148	0.00139517
194.5	0.04473901	0.02752917	0.09788148	0.00132146
194.6	0.04473901	0.02752917	0.09788148	0.00136082
194.7	0.04473901	0.02752917	0.09788148	0.00133325
194.8	0.04473901	0.02752917	0.09788148	0.00134492
194.9	0.04473901	0.02752917	0.09788148	0.00134909
195	0.04473901	0.02752917	0.09788148	0.00140004
195.1	0.04473901	0.02752917	0.09788148	0.00132932
195.2	0.04473901	0.02752917	0.09788148	0.00137007
195.3	0.04473901	0.02752917	0.09788148	0.00132689
195.4	0.04473901	0.02752917	0.09788148	0.00136131
195.5	0.04473901	0.02752917	0.09788148	0.00140962
195.6	0.04473901	0.02752917	0.09788148	0.0014032
195.7	0.04473901	0.02752917	0.09788148	0.0013847
195.8	0.04473901	0.02752917	0.09788148	0.0013837
195.9	0.04473901	0.02752917	0.09788148	0.00138118
196	0.04473901	0.02752917	0.09788148	0.00140642
196.1	0.04473901	0.02752917	0.09788148	0.00139047
196.2	0.04473901	0.02752917	0.09788148	0.00141101
196.3	0.04473901	0.02752917	0.09788148	0.00140149
196.4	0.04473901	0.02752917	0.09788148	0.00141751
196.5	0.04473901	0.02752917	0.09788148	0.00135119
196.6	0.04473901	0.02752917	0.09788148	0.0014309
196.7	0.04473901	0.02752917	0.09788148	0.00135249
196.8	0.04473901	0.02752917	0.09788148	0.00142019
196.9	0.04473901	0.02752917	0.09788148	0.00134492
197	0.04473901	0.02752917	0.09788148	0.00132737
197.1	0.04473901	0.02752917	0.09788148	0.00132175
197.2	0.04473901	0.02752917	0.09788148	0.00135489
197.3	0.04473901	0.02752917	0.09788148	0.00132409
197.4	0.04473901	0.02752917	0.09788148	0.00133027
197.5	0.04473901	0.02752917	0.09788148	0.0014159
197.6	0.04473901	0.02752917	0.09788148	0.00142632
197.7	0.04473901	0.02752917	0.09788148	0.00141371
197.8	0.04473901	0.02752917	0.09788148	0.00140406
197.9	0.04473901	0.02752917	0.09788148	0.00136252
198	0.04473901	0.02752917	0.09788148	0.00141913
198.1	0.04473901	0.02752917	0.09788148	0.00141279
198.2	0.04473901	0.02752917	0.09788148	0.00142673
198.3	0.04473901	0.02752917	0.09788148	0.0014079
198.4	0.04473901	0.02752917	0.09788148	0.00134842
198.5	0.04473901	0.02752917	0.09788148	0.00136428
198.6	0.04473901	0.02752917	0.09788148	0.00138887
198.7	0.04473901	0.02752917	0.09788148	0.00134498
198.8	0.04473901	0.02752917	0.09788148	0.00140924
198.9	0.04473901	0.02752917	0.09788148	0.00138435
199	0.04473901	0.02752917	0.09788148	0.00138748
199.1	0.04473901	0.02752917	0.09788148	0.00138598
199.2	0.04473901	0.02752917	0.09788148	0.00138235
199.3	0.04473901	0.02752917	0.09788148	0.00137791
199.4	0.04473901	0.02752917	0.09788148	0.00132883
199.5	0.04473901	0.02752917	0.09788148	0.00135642
199.6	0.04473901	0.02752917	0.09788148	0.00139554
199.7	0.04473901	0.02752917	0.09788148	0.00141794
199.8	0.04473901	0.02752917	0.09788148	0.00135542
199.9	0.04473901	0.02752917	0.09788148	0.00140807
200	0.04473901	0.02752917	0.09788148	0.00139848
