TIME	X:1	R:1	Y:1	noise:1
0	0.1818	0.09891	0.211	0.00502705
0.1	0.18180016	0.09890884	0.21100049	0.00490836
0.2	0.18180024	0.09890775	0.21100076	0.00483895
0.3	0.18180029	0.09890675	0.21100086	0.00486117
0.4	0.18180034	0.09890581	0.2110008	0.0047507
0.5	0.18180041	0.09890494	0.21100061	0.00479041
0.6	0.18180052	0.09890412	0.2110003	0.00489214
0.7	0.1818007	0.09890337	0.21099989	0.00510726
0.8	0.18180097	0.09890268	0.2109994	0.00511423
0.9	0.18180133	0.09890204	0.21099884	0.00508442
1	0.1818018	0.09890146	0.21099823	0.0048536
1.1	0.18180238	0.09890094	0.21099758	0.00489594
1.2	0.18180308	0.09890047	0.2109969	0.00502896
1.3	0.18180391	0.09890005	0.2109962	0.00504932
1.4	0.18180485	0.09889969	0.21099549	0.00499869
1.5	0.18180592	0.09889939	0.21099478	0.00477088
1.6	0.18180711	0.09889914	0.21099408	0.00506021
1.7	0.18180842	0.09889895	0.21099339	0.00475371
1.8	0.18180984	0.09889881	0.21099273	0.00482014
1.9	0.18181136	0.09889873	0.21099211	0.00505486
2	0.18181299	0.09889871	0.21099151	0.00496552
2.1	0.1818147	0.09889873	0.21099097	0.00482715
2.2	0.18181649	0.09889881	0.21099047	0.00497928
2.3	0.18181835	0.09889894	0.21099002	0.00500684
2.4	0.18182027	0.09889912	0.21098963	0.00505744
2.5	0.18182223	0.09889935	0.21098929	0.00480279
2.6	0.18182423	0.09889963	0.21098903	0.00507551
2.7	0.18182625	0.09889995	0.21098882	0.00506868
2.8	0.18182828	0.09890031	0.21098869	0.00486023
2.9	0.1818303	0.09890071	0.21098862	0.00483239
3	0.18183231	0.09890114	0.21098862	0.00482132
3.1	0.18183429	0.09890161	0.21098869	0.00489219
3.2	0.18183622	0.09890211	0.21098883	0.00513981
3.3	0.1818381	0.09890263	0.21098904	0.00502216
3.4	0.18183992	0.09890318	0.21098932	0.0050844
3.5	0.18184165	0.09890374	0.21098966	0.00501836
3.6	0.1818433	0.09890432	0.21099006	0.00509515
3.7	0.18184484	0.09890491	0.21099053	0.0050937
3.8	0.18184627	0.0989055	0.21099105	0.00481263
3.9	0.18184758	0.0989061	0.21099163	0.00480046
4	0.18184877	0.09890669	0.21099226	0.00504305
4.1	0.18184982	0.09890728	0.21099293	0.00484906
4.2	0.18185072	0.09890787	0.21099365	0.00484194
4.3	0.18185148	0.09890843	0.2109944	0.00513532
4.4	0.18185208	0.09890898	0.21099519	0.00509882
4.5	0.18185252	0.09890951	0.210996	0.00488064
4.6	0.18185281	0.09891002	0.21099683	0.00500948
4.7	0.18185293	0.09891049	0.21099768	0.00493485
4.8	0.18185289	0.09891094	0.21099853	0.00494308
4.9	0.18185269	0.09891135	0.21099939	0.00513661
5	0.18185233	0.09891173	0.21100025	0.00507742
5.1	0.18185181	0.09891206	0.21100111	0.00494651
5.2	0.18185114	0.09891236	0.21100195	0.00496849
5.3	0.18185032	0.09891261	0.21100277	0.00503535
5.4	0.18184936	0.09891282	0.21100356	0.00489005
5.5	0.18184826	0.09891298	0.21100433	0.0049863
5.6	0.18184703	0.09891309	0.21100507	0.00509412
5.7	0.18184568	0.09891316	0.21100576	0.00501474
5.8	0.18184422	0.09891318	0.21100641	0.00507176
5.9	0.18184265	0.09891314	0.21100701	0.00492917
6	0.181841	0.09891307	0.21100756	0.00500312
6.1	0.18183927	0.09891294	0.21100806	0.00480253
6.2	0.18183746	0.09891277	0.21100849	0.00477584
6.3	0.18183561	0.09891255	0.21100887	0.00491662
6.4	0.18183371	0.09891229	0.21100918	0.00476184
6.5	0.18183178	0.09891198	0.21100942	0.00492042
6.6	0.18182983	0.09891164	0.2110096	0.00481463
6.7	0.18182787	0.09891126	0.21100971	0.00513663
6.8	0.18182593	0.09891084	0.21100975	0.00512504
6.9	0.181824	0.0989104	0.21100972	0.00502666
7	0.18182211	0.09890992	0.21100962	0.00506485
7.1	0.18182027	0.09890941	0.21100945	0.00488869
7.2	0.18181849	0.09890889	0.21100921	0.00480404
7.3	0.18181678	0.09890835	0.21100891	0.00511525
7.4	0.18181515	0.09890779	0.21100855	0.00477531
7.5	0.18181361	0.09890721	0.21100812	0.00475122
7.6	0.18181217	0.09890664	0.21100764	0.00498149
7.7	0.18181085	0.09890605	0.2110071	0.00505597
7.8	0.18180965	0.09890547	0.21100651	0.00485871
7.9	0.18180858	0.09890489	0.21100588	0.00513457
8	0.18180765	0.09890432	0.2110052	0.0047987
8.1	0.18180686	0.09890376	0.21100448	0.00483344
8.2	0.18180621	0.09890322	0.21100373	0.00486994
8.3	0.18180572	0.0989027	0.21100295	0.00493838
8.4	0.18180538	0.0989022	0.21100215	0.00512193
8.5	0.18180519	0.09890172	0.21100134	0.00482695
8.6	0.18180517	0.09890127	0.21100051	0.00512748
8.7	0.1818053	0.09890086	0.21099967	0.00497077
8.8	0.18180559	0.09890048	0.21099883	0.00500629
8.9	0.18180603	0.09890013	0.210998	0.00482989
9	0.18180663	0.09889983	0.21099718	0.0049989
9.1	0.18180737	0.09889957	0.21099637	0.00511085
9.2	0.18180825	0.09889935	0.21099558	0.00489888
9.3	0.18180927	0.09889917	0.21099482	0.00500756
9.4	0.18181041	0.09889904	0.2109941	0.00493828
9.5	0.18181168	0.09889896	0.21099341	0.00491652
9.6	0.18181306	0.09889892	0.21099276	0.00485799
9.7	0.18181454	0.09889893	0.21099215	0.00501983
9.8	0.18181612	0.09889899	0.21099159	0.00478063
9.9	0.18181777	0.0988991	0.21099109	0.00486786
10	0.1818195	0.09889925	0.21099064	0.00500504
10.1	0.18182129	0.09889944	0.21099025	0.00480393
10.2	0.18182312	0.09889968	0.21098993	0.00499078
10.3	0.18182499	0.09889996	0.21098966	0.00511585
10.4	0.18182688	0.09890028	0.21098946	0.0048957
10.5	0.18182878	0.09890063	0.21098933	0.00495718
10.6	0.18183068	0.09890102	0.21098927	0.00482505
10.7	0.18183256	0.09890145	0.21098927	0.00476799
10.8	0.18183441	0.0989019	0.21098934	0.00492367
10.9	0.18183623	0.09890238	0.21098947	0.00475319
11	0.18183799	0.09890288	0.21098968	0.00480243
11.1	0.18183968	0.0989034	0.21098995	0.00505339
11.2	0.1818413	0.09890394	0.21099027	0.00482397
11.3	0.18184283	0.09890449	0.21099066	0.00489235
11.4	0.18184427	0.09890506	0.21099111	0.00478723
11.5	0.1818456	0.09890562	0.21099161	0.00486809
11.6	0.18184682	0.09890619	0.21099217	0.0050252
11.7	0.18184791	0.09890675	0.21099277	0.00499559
11.8	0.18184888	0.09890731	0.21099341	0.00474936
11.9	0.18184971	0.09890786	0.21099409	0.00512849
12	0.18185039	0.09890839	0.21099481	0.005072
12.1	0.18185093	0.09890891	0.21099556	0.00512227
12.2	0.18185132	0.09890941	0.21099633	0.00503752
12.3	0.18185156	0.09890988	0.21099712	0.00499045
12.4	0.18185165	0.09891033	0.21099792	0.00488145
12.5	0.18185158	0.09891075	0.21099873	0.00512313
12.6	0.18185137	0.09891113	0.21099955	0.00508296
12.7	0.181851	0.09891148	0.21100036	0.00475017
12.8	0.18185048	0.09891179	0.21100117	0.00484479
12.9	0.18184981	0.09891206	0.21100196	0.00486726
13	0.18184901	0.09891229	0.21100273	0.00498321
13.1	0.18184807	0.09891248	0.21100348	0.00511558
13.2	0.18184701	0.09891263	0.2110042	0.00490043
13.3	0.18184582	0.09891273	0.21100489	0.00483554
13.4	0.18184452	0.09891278	0.21100554	0.00505993
13.5	0.18184312	0.09891279	0.21100615	0.00477572
13.6	0.18184162	0.09891275	0.21100671	0.00485526
13.7	0.18184004	0.09891267	0.21100722	0.00486647
13.8	0.18183839	0.09891254	0.21100768	0.00488892
13.9	0.18183667	0.09891237	0.21100808	0.00509529
14	0.18183491	0.09891215	0.21100842	0.00504192
14.1	0.1818331	0.0989119	0.2110087	0.0048494
14.2	0.18183127	0.0989116	0.21100892	0.00475985
14.3	0.18182942	0.09891127	0.21100908	0.0050198
14.4	0.18182757	0.0989109	0.21100917	0.00498979
14.5	0.18182573	0.0989105	0.21100919	0.00510186
14.6	0.18182392	0.09891008	0.21100915	0.00507977
14.7	0.18182214	0.09890962	0.21100904	0.00505793
14.8	0.1818204	0.09890914	0.21100887	0.00488455
14.9	0.18181873	0.09890864	0.21100864	0.00503298
15	0.18181712	0.09890812	0.21100834	0.00504568
15.1	0.18181559	0.09890759	0.21100799	0.00476161
15.2	0.18181415	0.09890705	0.21100757	0.004873
15.3	0.18181282	0.0989065	0.21100711	0.00490192
15.4	0.18181159	0.09890594	0.21100659	0.00475521
15.5	0.18181047	0.09890539	0.21100602	0.004806
15.6	0.18180948	0.09890485	0.21100541	0.0047625
15.7	0.18180862	0.09890431	0.21100476	0.00487171
15.8	0.1818079	0.09890378	0.21100408	0.00490934
15.9	0.18180731	0.09890327	0.21100336	0.00496444
16	0.18180687	0.09890278	0.21100262	0.00485908
16.1	0.18180658	0.09890231	0.21100186	0.00493103
16.2	0.18180643	0.09890186	0.21100108	0.00506199
16.3	0.18180644	0.09890145	0.2110003	0.0048765
16.4	0.18180659	0.09890106	0.2109995	0.00510301
16.5	0.18180689	0.09890071	0.21099871	0.00497839
16.6	0.18180734	0.09890039	0.21099792	0.00480744
16.7	0.18180793	0.09890011	0.21099715	0.00498723
16.8	0.18180865	0.09889987	0.21099639	0.0049768
16.9	0.18180951	0.09889967	0.21099565	0.00503069
17	0.1818105	0.09889951	0.21099494	0.00485417
17.1	0.18181161	0.09889939	0.21099425	0.00481343
17.2	0.18181283	0.09889932	0.21099361	0.00505326
17.3	0.18181415	0.0988993	0.210993	0.00480155
17.4	0.18181557	0.09889932	0.21099243	0.00481043
17.5	0.18181708	0.09889938	0.21099191	0.004767
17.6	0.18181866	0.09889949	0.21099145	0.00489473
17.7	0.1818203	0.09889963	0.21099103	0.00493533
17.8	0.181822	0.09889983	0.21099068	0.00486631
17.9	0.18182375	0.09890006	0.21099038	0.00488348
18	0.18182552	0.09890033	0.21099014	0.0050448
18.1	0.18182731	0.09890064	0.21098996	0.00513693
18.2	0.18182911	0.09890098	0.21098985	0.00498349
18.3	0.18183091	0.09890136	0.2109898	0.00485611
18.4	0.18183268	0.09890177	0.21098981	0.0048073
18.5	0.18183443	0.0989022	0.21098989	0.00499422
18.6	0.18183614	0.09890266	0.21099003	0.00477177
18.7	0.1818378	0.09890314	0.21099024	0.00480596
18.8	0.18183939	0.09890363	0.2109905	0.00488874
18.9	0.18184091	0.09890415	0.21099082	0.00505722
19	0.18184234	0.09890467	0.2109912	0.00513066
19.1	0.18184369	0.0989052	0.21099164	0.00500709
19.2	0.18184493	0.09890574	0.21099212	0.00476948
19.3	0.18184606	0.09890628	0.21099265	0.00482274
19.4	0.18184707	0.09890681	0.21099323	0.00489562
19.5	0.18184796	0.09890734	0.21099385	0.00493689
19.6	0.18184872	0.09890785	0.2109945	0.00481954
19.7	0.18184934	0.09890836	0.21099518	0.00502923
19.8	0.18184983	0.09890884	0.2109959	0.00499022
19.9	0.18185017	0.09890931	0.21099663	0.00476626
20	0.18185037	0.09890975	0.21099738	0.00475464
20.1	0.18185043	0.09891017	0.21099814	0.0049268
20.2	0.18185034	0.09891056	0.21099891	0.00496671
20.3	0.1818501	0.09891092	0.21099968	0.00506078
20.4	0.18184973	0.09891124	0.21100045	0.00503682
20.5	0.18184921	0.09891153	0.21100121	0.00504286
20.6	0.18184856	0.09891178	0.21100196	0.00498984
20.7	0.18184777	0.09891199	0.21100269	0.0050858
20.8	0.18184686	0.09891216	0.21100339	0.00488483
20.9	0.18184583	0.09891229	0.21100407	0.00505605
21	0.18184469	0.09891238	0.21100471	0.00484921
21.1	0.18184344	0.09891242	0.21100532	0.00504286
21.2	0.1818421	0.09891242	0.21100589	0.00500092
21.3	0.18184066	0.09891238	0.21100641	0.00491427
21.4	0.18183915	0.09891229	0.21100688	0.00511967
21.5	0.18183757	0.09891216	0.21100731	0.00503728
21.6	0.18183594	0.09891199	0.21100768	0.00492481
21.7	0.18183426	0.09891178	0.21100799	0.00507918
21.8	0.18183254	0.09891153	0.21100825	0.00485371
21.9	0.18183081	0.09891125	0.21100845	0.00479698
22	0.18182906	0.09891093	0.21100858	0.00513302
22.1	0.18182731	0.09891057	0.21100865	0.00488326
22.2	0.18182557	0.09891019	0.21100867	0.00502134
22.3	0.18182386	0.09890978	0.21100861	0.00498324
22.4	0.18182218	0.09890934	0.2110085	0.00489732
22.5	0.18182055	0.09890888	0.21100833	0.00480268
22.6	0.18181897	0.0989084	0.2110081	0.00484156
22.7	0.18181746	0.09890791	0.2110078	0.00476956
22.8	0.18181603	0.0989074	0.21100746	0.00477667
22.9	0.18181469	0.09890689	0.21100706	0.00503558
23	0.18181344	0.09890637	0.2110066	0.00510359
23.1	0.18181229	0.09890585	0.2110061	0.00509462
23.2	0.18181126	0.09890533	0.21100556	0.00486014
23.3	0.18181035	0.09890481	0.21100498	0.00499304
23.4	0.18180956	0.0989043	0.21100436	0.00483758
23.5	0.18180889	0.09890381	0.2110037	0.00505877
23.6	0.18180837	0.09890333	0.21100302	0.00487187
23.7	0.18180798	0.09890286	0.21100231	0.00493888
23.8	0.18180772	0.09890242	0.21100159	0.0049316
23.9	0.18180761	0.09890201	0.21100085	0.0050826
24	0.18180764	0.09890162	0.21100011	0.00506512
24.1	0.18180781	0.09890126	0.21099936	0.00511723
24.2	0.18180812	0.09890093	0.21099861	0.00493136
24.3	0.18180857	0.09890063	0.21099786	0.00476695
24.4	0.18180915	0.09890037	0.21099713	0.00479325
24.5	0.18180987	0.09890015	0.21099641	0.00486554
24.6	0.1818107	0.09889997	0.21099572	0.00491305
24.7	0.18181166	0.09889983	0.21099505	0.00479476
24.8	0.18181273	0.09889973	0.21099441	0.00507811
24.9	0.1818139	0.09889967	0.2109938	0.00503839
25	0.18181517	0.09889965	0.21099323	0.00504019
25.1	0.18181653	0.09889968	0.21099271	0.00487786
25.2	0.18181797	0.09889975	0.21099223	0.00493338
25.3	0.18181948	0.09889985	0.21099179	0.00493609
25.4	0.18182105	0.0989	0.21099141	0.0050439
25.5	0.18182267	0.09890019	0.21099108	0.00507412
25.6	0.18182432	0.09890042	0.21099081	0.00476488
25.7	0.18182601	0.09890068	0.2109906	0.00499579
25.8	0.18182771	0.09890098	0.21099044	0.00506082
25.9	0.18182941	0.09890131	0.21099034	0.00491452
26	0.18183111	0.09890167	0.21099031	0.00495398
26.1	0.18183279	0.09890206	0.21099033	0.00513517
26.2	0.18183443	0.09890248	0.21099042	0.0049865
26.3	0.18183604	0.09890292	0.21099056	0.00478082
26.4	0.1818376	0.09890337	0.21099077	0.00476352
26.5	0.18183909	0.09890385	0.21099103	0.00491525
26.6	0.18184052	0.09890434	0.21099134	0.00491585
26.7	0.18184186	0.09890483	0.21099171	0.00507308
26.8	0.18184311	0.09890534	0.21099213	0.00513943
26.9	0.18184427	0.09890585	0.2109926	0.00489254
27	0.18184532	0.09890635	0.21099311	0.00503222
27.1	0.18184626	0.09890686	0.21099366	0.00482138
27.2	0.18184708	0.09890735	0.21099425	0.00513921
27.3	0.18184777	0.09890784	0.21099488	0.00491031
27.4	0.18184834	0.09890832	0.21099553	0.00494003
27.5	0.18184877	0.09890877	0.21099621	0.00494734
27.6	0.18184907	0.09890921	0.21099691	0.00495702
27.7	0.18184924	0.09890963	0.21099762	0.00495762
27.8	0.18184926	0.09891002	0.21099834	0.00478127
27.9	0.18184915	0.09891038	0.21099907	0.00479917
28	0.18184891	0.09891071	0.2109998	0.0047655
28.1	0.18184852	0.09891101	0.21100053	0.00505481
28.2	0.18184801	0.09891128	0.21100125	0.00501811
28.3	0.18184737	0.09891151	0.21100195	0.00492043
28.4	0.1818466	0.0989117	0.21100263	0.00482125
28.5	0.18184572	0.09891186	0.2110033	0.00500701
28.6	0.18184472	0.09891197	0.21100393	0.00505852
28.7	0.18184362	0.09891204	0.21100454	0.00493585
28.8	0.18184242	0.09891208	0.21100511	0.00481917
28.9	0.18184113	0.09891207	0.21100563	0.00474969
29	0.18183976	0.09891202	0.21100612	0.00503741
29.1	0.18183832	0.09891193	0.21100656	0.00512584
29.2	0.18183682	0.0989118	0.21100695	0.00493867
29.3	0.18183526	0.09891163	0.21100729	0.00495312
29.4	0.18183366	0.09891143	0.21100758	0.00500824
29.5	0.18183203	0.09891119	0.21100781	0.00498628
29.6	0.18183039	0.09891091	0.21100799	0.00484828
29.7	0.18182873	0.0989106	0.21100811	0.00476475
29.8	0.18182707	0.09891026	0.21100816	0.0047818
29.9	0.18182543	0.09890989	0.21100816	0.00513244
30	0.18182382	0.0989095	0.21100811	0.00505278
30.1	0.18182223	0.09890908	0.21100799	0.0048751
30.2	0.1818207	0.09890864	0.21100781	0.00481198
30.3	0.18181922	0.09890819	0.21100758	0.00491622
30.4	0.1818178	0.09890772	0.2110073	0.00493303
30.5	0.18181646	0.09890724	0.21100696	0.0047867
30.6	0.18181521	0.09890675	0.21100657	0.0049484
30.7	0.18181404	0.09890626	0.21100613	0.00484805
30.8	0.18181298	0.09890576	0.21100565	0.00479261
30.9	0.18181202	0.09890527	0.21100513	0.00505731
31	0.18181118	0.09890478	0.21100457	0.00512234
31.1	0.18181045	0.0989043	0.21100398	0.00479776
31.2	0.18180985	0.09890384	0.21100335	0.00498415
31.3	0.18180937	0.09890338	0.2110027	0.00480675
31.4	0.18180903	0.09890295	0.21100203	0.00480344
31.5	0.18180881	0.09890254	0.21100134	0.00509139
31.6	0.18180873	0.09890215	0.21100064	0.0049621
31.7	0.18180879	0.09890178	0.21099993	0.00502128
31.8	0.18180897	0.09890145	0.21099922	0.00500139
31.9	0.18180929	0.09890114	0.21099851	0.00503797
32	0.18180974	0.09890087	0.21099781	0.00511367
32.1	0.18181031	0.09890063	0.21099712	0.00485464
32.2	0.18181101	0.09890043	0.21099645	0.00488227
32.3	0.18181182	0.09890026	0.21099579	0.00509288
32.4	0.18181275	0.09890013	0.21099516	0.00482733
32.5	0.18181378	0.09890005	0.21099456	0.00512537
32.6	0.18181491	0.0989	0.210994	0.00511982
32.7	0.18181613	0.09889999	0.21099346	0.00496902
32.8	0.18181743	0.09890002	0.21099297	0.00498806
32.9	0.18181881	0.09890009	0.21099253	0.00508888
33	0.18182025	0.0989002	0.21099213	0.00498338
33.1	0.18182174	0.09890035	0.21099177	0.00498162
33.2	0.18182328	0.09890054	0.21099147	0.00506607
33.3	0.18182486	0.09890076	0.21099122	0.00495982
33.4	0.18182645	0.09890101	0.21099103	0.00500157
33.5	0.18182806	0.0989013	0.21099089	0.00482997
33.6	0.18182968	0.09890162	0.21099081	0.00496465
33.7	0.18183128	0.09890197	0.21099079	0.00486229
33.8	0.18183286	0.09890234	0.21099083	0.0050516
33.9	0.18183442	0.09890274	0.21099092	0.00497201
34	0.18183593	0.09890316	0.21099106	0.00487234
34.1	0.18183739	0.09890359	0.21099127	0.0051179
34.2	0.1818388	0.09890405	0.21099152	0.00498566
34.3	0.18184013	0.09890451	0.21099183	0.00503192
34.4	0.18184139	0.09890498	0.21099219	0.00484841
34.5	0.18184256	0.09890546	0.2109926	0.00510735
34.6	0.18184363	0.09890594	0.21099305	0.00501851
34.7	0.18184461	0.09890642	0.21099354	0.0047738
34.8	0.18184547	0.0989069	0.21099407	0.00481037
34.9	0.18184623	0.09890737	0.21099464	0.00475671
35	0.18184686	0.09890783	0.21099523	0.00483466
35.1	0.18184738	0.09890827	0.21099585	0.0049311
35.2	0.18184777	0.0989087	0.2109965	0.00487846
35.3	0.18184803	0.09890911	0.21099716	0.00509929
35.4	0.18184816	0.0989095	0.21099784	0.00509294
35.5	0.18184816	0.09890987	0.21099853	0.0049435
35.6	0.18184803	0.09891021	0.21099922	0.00495647
35.7	0.18184777	0.09891051	0.21099991	0.00482098
35.8	0.18184739	0.09891079	0.21100059	0.0050231
35.9	0.18184688	0.09891104	0.21100127	0.00483835
36	0.18184625	0.09891125	0.21100193	0.00511584
36.1	0.1818455	0.09891143	0.21100258	0.00480868
36.2	0.18184465	0.09891156	0.2110032	0.00500754
36.3	0.18184368	0.09891167	0.2110038	0.00496049
36.4	0.18184262	0.09891173	0.21100436	0.00477784
36.5	0.18184147	0.09891175	0.2110049	0.0050353
36.6	0.18184024	0.09891174	0.21100539	0.00482284
36.7	0.18183892	0.09891168	0.21100584	0.00506944
36.8	0.18183755	0.09891159	0.21100625	0.00496101
36.9	0.18183611	0.09891146	0.21100661	0.00497461
37	0.18183463	0.0989113	0.21100693	0.00475988
37.1	0.18183311	0.0989111	0.21100719	0.00480414
37.2	0.18183157	0.09891086	0.2110074	0.00483168
37.3	0.18183001	0.09891059	0.21100755	0.00495911
37.4	0.18182844	0.09891029	0.21100765	0.00499063
37.5	0.18182687	0.09890997	0.2110077	0.00500539
37.6	0.18182532	0.09890961	0.21100769	0.00502444
37.7	0.1818238	0.09890924	0.21100762	0.00494942
37.8	0.18182231	0.09890884	0.2110075	0.00497895
37.9	0.18182086	0.09890842	0.21100733	0.00476285
38	0.18181947	0.09890799	0.2110071	0.00513105
38.1	0.18181814	0.09890754	0.21100682	0.0050548
38.2	0.18181689	0.09890708	0.21100649	0.00507125
38.3	0.18181572	0.09890662	0.21100611	0.00506958
38.4	0.18181463	0.09890615	0.21100569	0.00509291
38.5	0.18181364	0.09890568	0.21100523	0.00481799
38.6	0.18181276	0.09890522	0.21100473	0.00493167
38.7	0.18181198	0.09890476	0.21100419	0.00500942
38.8	0.18181131	0.09890431	0.21100362	0.00505726
38.9	0.18181076	0.09890387	0.21100303	0.00484792
39	0.18181034	0.09890344	0.21100241	0.00493111
39.1	0.18181003	0.09890303	0.21100177	0.00510456
39.2	0.18180985	0.09890265	0.21100111	0.0049677
39.3	0.1818098	0.09890228	0.21100045	0.00478319
39.4	0.18180988	0.09890194	0.21099978	0.0050234
39.5	0.18181008	0.09890163	0.21099911	0.00482321
39.6	0.1818104	0.09890135	0.21099844	0.0048708
39.7	0.18181085	0.09890109	0.21099777	0.00496379
39.8	0.18181141	0.09890087	0.21099712	0.00496011
39.9	0.18181209	0.09890069	0.21099649	0.00490387
40	0.18181288	0.09890054	0.21099587	0.0047781
40.1	0.18181378	0.09890043	0.21099528	0.00493925
40.2	0.18181477	0.09890035	0.21099472	0.00509226
40.3	0.18181586	0.09890031	0.21099419	0.00514244
40.4	0.18181703	0.09890031	0.21099369	0.00485996
40.5	0.18181827	0.09890035	0.21099323	0.00503947
40.6	0.18181959	0.09890042	0.21099282	0.00509974
40.7	0.18182096	0.09890053	0.21099245	0.00492148
40.8	0.18182238	0.09890068	0.21099212	0.00485217
40.9	0.18182385	0.09890086	0.21099185	0.00506213
41	0.18182534	0.09890108	0.21099162	0.00510605
41.1	0.18182686	0.09890133	0.21099145	0.0049274
41.2	0.18182838	0.0989016	0.21099133	0.00499111
41.3	0.18182991	0.09890191	0.21099126	0.00514209
41.4	0.18183142	0.09890225	0.21099125	0.0051219
41.5	0.18183292	0.0989026	0.21099129	0.00492915
41.6	0.18183438	0.09890298	0.21099139	0.00509872
41.7	0.18183581	0.09890338	0.21099154	0.00494953
41.8	0.18183718	0.0989038	0.21099174	0.00509016
41.9	0.1818385	0.09890423	0.21099199	0.00497922
42	0.18183975	0.09890467	0.21099229	0.00510094
42.1	0.18184093	0.09890512	0.21099264	0.00504649
42.2	0.18184202	0.09890557	0.21099303	0.00489397
42.3	0.18184302	0.09890603	0.21099347	0.00479827
42.4	0.18184392	0.09890648	0.21099394	0.00484576
42.5	0.18184472	0.09890693	0.21099445	0.00486378
42.6	0.18184542	0.09890737	0.21099499	0.00508662
42.7	0.181846	0.09890781	0.21099556	0.00480953
42.8	0.18184646	0.09890823	0.21099615	0.00481618
42.9	0.1818468	0.09890863	0.21099677	0.00477015
43	0.18184703	0.09890901	0.2109974	0.00483169
43.1	0.18184713	0.09890938	0.21099804	0.00514193
43.2	0.18184711	0.09890972	0.21099869	0.00475062
43.3	0.18184696	0.09891004	0.21099935	0.00513345
43.4	0.1818467	0.09891032	0.211	0.00475331
43.5	0.18184631	0.09891058	0.21100065	0.0049317
43.6	0.18184581	0.09891081	0.21100129	0.00494369
43.7	0.18184519	0.098911	0.21100191	0.00495589
43.8	0.18184446	0.09891116	0.21100252	0.00509969
43.9	0.18184363	0.09891129	0.2110031	0.00490342
44	0.1818427	0.09891137	0.21100366	0.00493284
44.1	0.18184168	0.09891143	0.21100419	0.00496039
44.2	0.18184058	0.09891144	0.21100469	0.00487806
44.3	0.18183939	0.09891142	0.21100515	0.00499114
44.4	0.18183814	0.09891136	0.21100557	0.00493716
44.5	0.18183683	0.09891127	0.21100595	0.00489589
44.6	0.18183546	0.09891114	0.21100628	0.0050321
44.7	0.18183405	0.09891098	0.21100657	0.00476892
44.8	0.18183261	0.09891078	0.21100681	0.00485705
44.9	0.18183114	0.09891055	0.211007	0.00504009
45	0.18182966	0.09891029	0.21100714	0.00479149
45.1	0.18182817	0.09891001	0.21100722	0.00493466
45.2	0.18182669	0.09890969	0.21100726	0.00476577
45.3	0.18182523	0.09890935	0.21100724	0.00495775
45.4	0.18182379	0.09890899	0.21100716	0.00502872
45.5	0.18182239	0.09890861	0.21100704	0.00502867
45.6	0.18182103	0.09890821	0.21100686	0.00485774
45.7	0.18181972	0.0989078	0.21100664	0.00482285
45.8	0.18181848	0.09890737	0.21100636	0.00486531
45.9	0.18181731	0.09890694	0.21100604	0.00502754
46	0.18181621	0.0989065	0.21100568	0.00477545
46.1	0.1818152	0.09890606	0.21100527	0.00500502
46.2	0.18181428	0.09890562	0.21100483	0.00494853
46.3	0.18181346	0.09890518	0.21100435	0.00481988
46.4	0.18181275	0.09890474	0.21100383	0.00510501
46.5	0.18181214	0.09890432	0.21100329	0.00479103
46.6	0.18181164	0.0989039	0.21100272	0.00495892
46.7	0.18181125	0.0989035	0.21100213	0.00508621
46.8	0.18181099	0.09890312	0.21100152	0.00501382
46.9	0.18181084	0.09890276	0.2110009	0.00501675
47	0.18181081	0.09890242	0.21100027	0.00479864
47.1	0.18181091	0.0989021	0.21099964	0.00501053
47.2	0.18181112	0.09890181	0.210999	0.00488169
47.3	0.18181145	0.09890155	0.21099837	0.00513915
47.4	0.18181189	0.09890131	0.21099774	0.00493184
47.5	0.18181245	0.09890111	0.21099713	0.00484603
47.6	0.18181311	0.09890094	0.21099653	0.00509979
47.7	0.18181388	0.09890081	0.21099595	0.00487997
47.8	0.18181474	0.09890071	0.2109954	0.00477433
47.9	0.1818157	0.09890064	0.21099487	0.00476088
48	0.18181674	0.09890061	0.21099437	0.00499978
48.1	0.18181787	0.09890062	0.21099391	0.0050706
48.2	0.18181906	0.09890066	0.21099348	0.00493729
48.3	0.18182031	0.09890073	0.2109931	0.00498665
48.4	0.18182162	0.09890085	0.21099275	0.00499029
48.5	0.18182298	0.09890099	0.21099246	0.00504307
48.6	0.18182437	0.09890117	0.2109922	0.00486847
48.7	0.18182579	0.09890138	0.210992	0.00494688
48.8	0.18182723	0.09890162	0.21099184	0.00504143
48.9	0.18182867	0.09890189	0.21099174	0.00503582
49	0.18183011	0.09890218	0.21099169	0.00492697
49.1	0.18183155	0.0989025	0.21099169	0.00489445
49.2	0.18183296	0.09890285	0.21099174	0.00513986
49.3	0.18183434	0.09890321	0.21099184	0.00474852
49.4	0.18183568	0.09890359	0.21099199	0.00489744
49.5	0.18183697	0.09890399	0.21099219	0.00484996
49.6	0.18183821	0.0989044	0.21099244	0.0051186
49.7	0.18183938	0.09890482	0.21099273	0.00475436
49.8	0.18184047	0.09890524	0.21099307	0.00476989
49.9	0.18184149	0.09890567	0.21099345	0.00499585
50	0.18184242	0.0989061	0.21099386	0.0050906
50.1	0.18184326	0.09890653	0.21099432	0.00495698
50.2	0.181844	0.09890696	0.21099481	0.00481087
50.3	0.18184464	0.09890737	0.21099532	0.00508658
50.4	0.18184516	0.09890778	0.21099587	0.0050952
50.5	0.18184558	0.09890818	0.21099643	0.00482129
50.6	0.18184589	0.09890856	0.21099702	0.00497446
50.7	0.18184608	0.09890892	0.21099762	0.00507668
50.8	0.18184615	0.09890926	0.21099823	0.00489445
50.9	0.18184611	0.09890958	0.21099884	0.00477538
51	0.18184595	0.09890987	0.21099946	0.0048654
51.1	0.18184568	0.09891014	0.21100008	0.00499763
51.2	0.18184529	0.09891038	0.21100069	0.00505863
51.3	0.18184479	0.09891058	0.2110013	0.00475564
51.4	0.18184419	0.09891076	0.21100188	0.00513573
51.5	0.18184348	0.09891091	0.21100246	0.00495886
51.6	0.18184268	0.09891102	0.21100301	0.0049664
51.7	0.18184178	0.0989111	0.21100353	0.00491444
51.8	0.1818408	0.09891114	0.21100403	0.00509169
51.9	0.18183974	0.09891115	0.21100449	0.00496427
52	0.18183861	0.09891112	0.21100492	0.00482265
52.1	0.18183741	0.09891106	0.21100531	0.00488917
52.2	0.18183616	0.09891097	0.21100566	0.00475502
52.3	0.18183485	0.09891084	0.21100597	0.0051091
52.4	0.18183351	0.09891068	0.21100623	0.00484751
52.5	0.18183214	0.09891049	0.21100645	0.0048645
52.6	0.18183075	0.09891026	0.21100662	0.00509705
52.7	0.18182935	0.09891001	0.21100674	0.00509557
52.8	0.18182794	0.09890974	0.21100681	0.00476535
52.9	0.18182654	0.09890943	0.21100684	0.0047514
53	0.18182516	0.09890911	0.21100681	0.00490563
53.1	0.1818238	0.09890876	0.21100673	0.00508742
53.2	0.18182248	0.0989084	0.2110066	0.0048126
53.3	0.18182121	0.09890802	0.21100643	0.00487114
53.4	0.18181998	0.09890763	0.2110062	0.0048975
53.5	0.18181881	0.09890722	0.21100594	0.00498
53.6	0.18181772	0.09890681	0.21100563	0.00510254
53.7	0.18181669	0.09890639	0.21100527	0.00506884
53.8	0.18181575	0.09890597	0.21100488	0.00474752
53.9	0.1818149	0.09890556	0.21100445	0.00499836
54	0.18181414	0.09890514	0.21100399	0.00476853
54.1	0.18181348	0.09890473	0.2110035	0.00502448
54.2	0.18181292	0.09890433	0.21100298	0.00496018
54.3	0.18181247	0.09890394	0.21100244	0.00485118
54.4	0.18181213	0.09890356	0.21100188	0.00498556
54.5	0.1818119	0.09890321	0.2110013	0.00481434
54.6	0.18181178	0.09890287	0.21100071	0.00480683
54.7	0.18181178	0.09890255	0.21100011	0.00489018
54.8	0.18181189	0.09890225	0.21099951	0.00492992
54.9	0.18181211	0.09890198	0.21099891	0.00484931
55	0.18181244	0.09890174	0.21099831	0.00499902
55.1	0.18181288	0.09890152	0.21099772	0.00481388
55.2	0.18181343	0.09890134	0.21099714	0.00483934
55.3	0.18181407	0.09890118	0.21099658	0.005082
55.4	0.18181482	0.09890106	0.21099603	0.00479317
55.5	0.18181565	0.09890097	0.21099551	0.00513747
55.6	0.18181657	0.09890092	0.21099502	0.00486071
55.7	0.18181758	0.09890089	0.21099455	0.00490735
55.8	0.18181865	0.09890091	0.21099412	0.00484718
55.9	0.18181979	0.09890095	0.21099373	0.0049743
56	0.18182099	0.09890103	0.21099337	0.00486511
56.1	0.18182224	0.09890114	0.21099305	0.00501615
56.2	0.18182353	0.09890128	0.21099278	0.00487065
56.3	0.18182485	0.09890146	0.21099255	0.00501718
56.4	0.1818262	0.09890166	0.21099236	0.00512846
56.5	0.18182756	0.0989019	0.21099222	0.00511212
56.6	0.18182893	0.09890216	0.21099213	0.00487285
56.7	0.18183029	0.09890244	0.21099209	0.00487266
56.8	0.18183165	0.09890275	0.2109921	0.00490289
56.9	0.18183298	0.09890308	0.21099216	0.00495966
57	0.18183428	0.09890342	0.21099226	0.00498158
57.1	0.18183554	0.09890379	0.21099241	0.00503375
57.2	0.18183675	0.09890417	0.21099261	0.00496816
57.3	0.18183791	0.09890455	0.21099285	0.00488325
57.4	0.18183901	0.09890495	0.21099314	0.0047495
57.5	0.18184003	0.09890536	0.21099347	0.00503166
57.6	0.18184098	0.09890576	0.21099383	0.0049364
57.7	0.18184185	0.09890617	0.21099424	0.00485719
57.8	0.18184262	0.09890658	0.21099467	0.00496764
57.9	0.1818433	0.09890698	0.21099514	0.00498588
58	0.18184389	0.09890737	0.21099563	0.00479594
58.1	0.18184437	0.09890776	0.21099615	0.00504142
58.2	0.18184475	0.09890813	0.21099669	0.00483244
58.3	0.18184501	0.09890848	0.21099725	0.0048607
58.4	0.18184517	0.09890882	0.21099782	0.00497328
58.5	0.18184522	0.09890914	0.2109984	0.00484203
58.6	0.18184516	0.09890944	0.21099898	0.00477197
58.7	0.18184499	0.09890971	0.21099957	0.00495043
58.8	0.18184471	0.09890996	0.21100015	0.00509223
58.9	0.18184433	0.09891018	0.21100073	0.0049641
59	0.18184384	0.09891037	0.2110013	0.00488213
59.1	0.18184325	0.09891053	0.21100185	0.00484646
59.2	0.18184256	0.09891067	0.21100239	0.00487192
59.3	0.18184178	0.09891076	0.21100291	0.00499835
59.4	0.18184092	0.09891083	0.2110034	0.00493915
59.5	0.18183998	0.09891087	0.21100386	0.00504834
59.6	0.18183896	0.09891087	0.21100429	0.00506509
59.7	0.18183787	0.09891084	0.21100469	0.00509862
59.8	0.18183673	0.09891077	0.21100506	0.00504773
59.9	0.18183553	0.09891068	0.21100538	0.00485856
60	0.18183429	0.09891055	0.21100567	0.00509993
60.1	0.18183302	0.09891039	0.21100591	0.00477063
60.2	0.18183171	0.09891021	0.21100611	0.00508675
60.3	0.18183039	0.09890999	0.21100626	0.00507029
60.4	0.18182906	0.09890975	0.21100636	0.00487768
60.5	0.18182773	0.09890948	0.21100642	0.00497526
60.6	0.18182641	0.09890919	0.21100644	0.00477328
60.7	0.18182511	0.09890888	0.2110064	0.00488286
60.8	0.18182383	0.09890855	0.21100632	0.0047634
60.9	0.18182259	0.0989082	0.21100619	0.0047546
61	0.18182139	0.09890784	0.21100601	0.00483572
61.1	0.18182024	0.09890747	0.2110058	0.00483276
61.2	0.18181914	0.09890708	0.21100553	0.00506801
61.3	0.18181812	0.09890669	0.21100523	0.00513851
61.4	0.18181716	0.0989063	0.21100489	0.00484224
61.5	0.18181629	0.0989059	0.21100451	0.00505079
61.6	0.1818155	0.0989055	0.2110041	0.00511144
61.7	0.1818148	0.09890511	0.21100366	0.00507589
61.8	0.18181419	0.09890472	0.21100319	0.00480899
61.9	0.18181368	0.09890435	0.21100269	0.00512849
62	0.18181327	0.09890398	0.21100218	0.00498079
62.1	0.18181297	0.09890363	0.21100164	0.00513168
62.2	0.18181277	0.09890329	0.21100109	0.00486601
62.3	0.18181268	0.09890297	0.21100053	0.00475652
62.4	0.18181269	0.09890267	0.21099997	0.00512151
62.5	0.18181282	0.0989024	0.21099939	0.00476308
62.6	0.18181305	0.09890215	0.21099882	0.00487239
62.7	0.18181338	0.09890192	0.21099826	0.00506823
62.8	0.18181381	0.09890172	0.2109977	0.00508726
62.9	0.18181435	0.09890155	0.21099716	0.00496517
63	0.18181498	0.09890141	0.21099663	0.00504469
63.1	0.1818157	0.0989013	0.21099612	0.00512417
63.2	0.18181651	0.09890122	0.21099563	0.00504906
63.3	0.18181739	0.09890118	0.21099516	0.00481389
63.4	0.18181836	0.09890116	0.21099473	0.00488835
63.5	0.18181939	0.09890118	0.21099433	0.00506371
63.6	0.18182048	0.09890123	0.21099396	0.00500558
63.7	0.18182162	0.09890131	0.21099363	0.00493437
63.8	0.18182281	0.09890142	0.21099334	0.00503502
63.9	0.18182404	0.09890156	0.21099308	0.00510014
64	0.1818253	0.09890173	0.21099287	0.00480854
64.1	0.18182658	0.09890193	0.21099271	0.0051087
64.2	0.18182787	0.09890216	0.21099259	0.00486667
64.3	0.18182916	0.09890241	0.21099251	0.00509545
64.4	0.18183045	0.09890268	0.21099248	0.00504898
64.5	0.18183173	0.09890298	0.2109925	0.00475445
64.6	0.18183298	0.09890329	0.21099256	0.00479501
64.7	0.18183421	0.09890362	0.21099266	0.00484873
64.8	0.18183539	0.09890397	0.21099282	0.00490784
64.9	0.18183653	0.09890433	0.21099301	0.00505056
65	0.18183762	0.0989047	0.21099325	0.00482012
65.1	0.18183865	0.09890508	0.21099353	0.00495214
65.2	0.1818396	0.09890546	0.21099384	0.00481977
65.3	0.18184049	0.09890585	0.2109942	0.0047843
65.4	0.18184129	0.09890623	0.21099458	0.00513669
65.5	0.18184201	0.09890661	0.210995	0.0047476
65.6	0.18184264	0.09890699	0.21099545	0.00492619
65.7	0.18184317	0.09890736	0.21099592	0.0051104
65.8	0.18184361	0.09890773	0.21099642	0.00495215
65.9	0.18184395	0.09890807	0.21099693	0.00481362
66	0.18184418	0.09890841	0.21099746	0.00478365
66.1	0.18184431	0.09890873	0.210998	0.00495768
66.2	0.18184434	0.09890902	0.21099855	0.0047917
66.3	0.18184426	0.0989093	0.2109991	0.0048106
66.4	0.18184408	0.09890956	0.21099966	0.00484975
66.5	0.1818438	0.09890979	0.21100021	0.00500814
66.6	0.18184341	0.09890999	0.21100076	0.00488361
66.7	0.18184293	0.09891017	0.21100129	0.00506722
66.8	0.18184236	0.09891031	0.21100182	0.00497126
66.9	0.18184169	0.09891043	0.21100232	0.00484078
67	0.18184094	0.09891052	0.21100281	0.00506768
67.1	0.18184011	0.09891058	0.21100327	0.00500329
67.2	0.1818392	0.09891061	0.2110037	0.00482727
67.3	0.18183822	0.0989106	0.2110041	0.00501954
67.4	0.18183719	0.09891057	0.21100448	0.00510532
67.5	0.18183609	0.0989105	0.21100481	0.0050644
67.6	0.18183495	0.09891041	0.21100512	0.00498316
67.7	0.18183377	0.09891028	0.21100538	0.00486296
67.8	0.18183256	0.09891013	0.2110056	0.00490225
67.9	0.18183132	0.09890994	0.21100578	0.00486707
68	0.18183007	0.09890973	0.21100591	0.00493027
68.1	0.18182881	0.0989095	0.211006	0.00502569
68.2	0.18182755	0.09890924	0.21100605	0.00501641
68.3	0.1818263	0.09890897	0.21100606	0.00496363
68.4	0.18182507	0.09890867	0.21100601	0.00482124
68.5	0.18182387	0.09890835	0.21100593	0.00506813
68.6	0.1818227	0.09890802	0.2110058	0.00475991
68.7	0.18182157	0.09890767	0.21100562	0.00513589
68.8	0.18182049	0.09890732	0.21100541	0.00484488
68.9	0.18181947	0.09890695	0.21100515	0.00489754
69	0.18181851	0.09890658	0.21100486	0.00507906
69.1	0.18181762	0.09890621	0.21100453	0.00482157
69.2	0.18181681	0.09890583	0.21100417	0.00507556
69.3	0.18181607	0.09890546	0.21100377	0.00506316
69.4	0.18181543	0.09890509	0.21100335	0.00510194
69.5	0.18181487	0.09890472	0.2110029	0.00488135
69.6	0.1818144	0.09890437	0.21100243	0.00478632
69.7	0.18181403	0.09890402	0.21100193	0.00513913
69.8	0.18181377	0.09890369	0.21100142	0.00479664
69.9	0.1818136	0.09890337	0.2110009	0.00491279
70	0.18181353	0.09890308	0.21100037	0.00480992
70.1	0.18181356	0.0989028	0.21099983	0.0051226
70.2	0.1818137	0.09890254	0.21099929	0.004866
70.3	0.18181393	0.09890231	0.21099875	0.00498285
70.4	0.18181427	0.0989021	0.21099822	0.00511433
70.5	0.1818147	0.09890192	0.21099769	0.00492512
70.6	0.18181522	0.09890176	0.21099718	0.00485756
70.7	0.18181583	0.09890163	0.21099668	0.00514188
70.8	0.18181653	0.09890153	0.2109962	0.00483704
70.9	0.18181731	0.09890147	0.21099574	0.00481726
71	0.18181816	0.09890143	0.21099531	0.00481188
71.1	0.18181909	0.09890142	0.2109949	0.0048881
71.2	0.18182007	0.09890144	0.21099453	0.00503227
71.3	0.18182112	0.09890149	0.21099419	0.00484206
71.4	0.18182221	0.09890157	0.21099388	0.00478101
71.5	0.18182334	0.09890169	0.21099361	0.00501142
71.6	0.18182451	0.09890182	0.21099338	0.00510073
71.7	0.1818257	0.09890199	0.21099319	0.00484935
71.8	0.18182692	0.09890218	0.21099304	0.0050472
71.9	0.18182814	0.0989024	0.21099293	0.00496797
72	0.18182937	0.09890264	0.21099287	0.00505653
72.1	0.18183059	0.09890291	0.21099285	0.00487725
72.2	0.18183179	0.09890319	0.21099287	0.00495545
72.3	0.18183298	0.09890349	0.21099294	0.00507043
72.4	0.18183413	0.09890381	0.21099305	0.0049888
72.5	0.18183524	0.09890414	0.2109932	0.00477115
72.6	0.18183631	0.09890448	0.21099339	0.00491999
72.7	0.18183733	0.09890483	0.21099362	0.00507218
72.8	0.18183829	0.09890519	0.21099389	0.00513522
72.9	0.18183918	0.09890555	0.2109942	0.00498202
73	0.18184001	0.09890592	0.21099454	0.00480203
73.1	0.18184075	0.09890628	0.21099491	0.00501848
73.2	0.18184142	0.09890665	0.21099531	0.00497961
73.3	0.181842	0.098907	0.21099574	0.00491052
73.4	0.18184249	0.09890735	0.21099619	0.00489556
73.5	0.18184288	0.09890769	0.21099666	0.00493359
73.6	0.18184318	0.09890802	0.21099715	0.00480654
73.7	0.18184339	0.09890833	0.21099766	0.00510037
73.8	0.18184349	0.09890863	0.21099817	0.00481364
73.9	0.1818435	0.09890891	0.21099869	0.00475979
74	0.18184341	0.09890917	0.21099922	0.00501694
74.1	0.18184322	0.09890941	0.21099974	0.00510029
74.2	0.18184293	0.09890962	0.21100026	0.00495816
74.3	0.18184255	0.09890981	0.21100078	0.00510609
74.4	0.18184208	0.09890997	0.21100128	0.00476699
74.5	0.18184152	0.0989101	0.21100178	0.00495961
74.6	0.18184087	0.09891021	0.21100225	0.0051278
74.7	0.18184015	0.09891029	0.21100271	0.00512273
74.8	0.18183934	0.09891034	0.21100314	0.00485067
74.9	0.18183847	0.09891036	0.21100354	0.00508374
75	0.18183754	0.09891035	0.21100392	0.00479529
75.1	0.18183655	0.09891031	0.21100427	0.00476994
75.2	0.1818355	0.09891024	0.21100458	0.0051074
75.3	0.18183441	0.09891015	0.21100486	0.00479336
75.4	0.18183329	0.09891002	0.2110051	0.00509679
75.5	0.18183214	0.09890987	0.2110053	0.00481297
75.6	0.18183096	0.0989097	0.21100546	0.00511485
75.7	0.18182978	0.09890949	0.21100558	0.0050482
75.8	0.18182858	0.09890927	0.21100566	0.00475918
75.9	0.18182739	0.09890902	0.2110057	0.00510773
76	0.18182621	0.09890875	0.21100569	0.00476108
76.1	0.18182505	0.09890847	0.21100565	0.00497538
76.2	0.18182392	0.09890816	0.21100556	0.00505299
76.3	0.18182282	0.09890785	0.21100543	0.00484611
76.4	0.18182176	0.09890752	0.21100525	0.00504505
76.5	0.18182075	0.09890718	0.21100504	0.00480793
76.6	0.18181979	0.09890683	0.2110048	0.00487262
76.7	0.18181889	0.09890648	0.21100451	0.00505452
76.8	0.18181806	0.09890613	0.21100419	0.0051005
76.9	0.18181731	0.09890577	0.21100384	0.0050985
77	0.18181663	0.09890542	0.21100346	0.0048622
77.1	0.18181603	0.09890507	0.21100306	0.00495323
77.2	0.18181552	0.09890472	0.21100263	0.00478479
77.3	0.1818151	0.09890439	0.21100218	0.0049912
77.4	0.18181476	0.09890406	0.21100171	0.00483498
77.5	0.18181453	0.09890375	0.21100122	0.00513345
77.6	0.18181438	0.09890346	0.21100073	0.0049101
77.7	0.18181434	0.09890318	0.21100022	0.00501498
77.8	0.18181439	0.09890292	0.21099971	0.005116
77.9	0.18181453	0.09890268	0.2109992	0.0048607
78	0.18181478	0.09890246	0.21099869	0.00502052
78.1	0.18181511	0.09890227	0.21099819	0.0051369
78.2	0.18181553	0.0989021	0.21099769	0.00487305
78.3	0.18181604	0.09890196	0.21099721	0.00503342
78.4	0.18181664	0.09890184	0.21099674	0.00500368
78.5	0.18181731	0.09890176	0.21099629	0.0048008
78.6	0.18181807	0.0989017	0.21099586	0.00496767
78.7	0.18181889	0.09890167	0.21099545	0.00482937
78.8	0.18181977	0.09890166	0.21099507	0.00492113
78.9	0.18182072	0.09890169	0.21099472	0.00481683
79	0.18182171	0.09890174	0.21099441	0.00502041
79.1	0.18182275	0.09890183	0.21099412	0.005063
79.2	0.18182383	0.09890194	0.21099387	0.00509539
79.3	0.18182494	0.09890207	0.21099366	0.00513746
79.4	0.18182608	0.09890223	0.21099349	0.00509944
79.5	0.18182723	0.09890242	0.21099335	0.00495926
79.6	0.18182839	0.09890263	0.21099326	0.00485851
79.7	0.18182955	0.09890286	0.21099321	0.00487922
79.8	0.1818307	0.09890312	0.2109932	0.00494753
79.9	0.18183184	0.09890339	0.21099322	0.00485881
80	0.18183295	0.09890368	0.2109933	0.00477477
80.1	0.18183404	0.09890398	0.21099341	0.00513319
80.2	0.18183509	0.09890429	0.21099356	0.00501986
80.3	0.18183609	0.09890462	0.21099375	0.00504783
80.4	0.18183705	0.09890495	0.21099397	0.00510947
80.5	0.18183794	0.09890529	0.21099424	0.00494927
80.6	0.18183878	0.09890564	0.21099453	0.0049071
80.7	0.18183954	0.09890599	0.21099486	0.00506347
80.8	0.18184023	0.09890633	0.21099522	0.00490986
80.9	0.18184085	0.09890667	0.2109956	0.0048778
81	0.18184138	0.09890701	0.21099601	0.00510541
81.1	0.18184183	0.09890734	0.21099644	0.00486903
81.2	0.18184219	0.09890766	0.21099689	0.00485224
81.3	0.18184245	0.09890797	0.21099736	0.00483552
81.4	0.18184263	0.09890826	0.21099784	0.00478974
81.5	0.18184271	0.09890854	0.21099833	0.004785
81.6	0.1818427	0.0989088	0.21099882	0.00498799
81.7	0.1818426	0.09890904	0.21099932	0.00507356
81.8	0.1818424	0.09890926	0.21099981	0.004866
81.9	0.18184211	0.09890946	0.21100031	0.00481488
82	0.18184174	0.09890963	0.21100079	0.00498172
82.1	0.18184127	0.09890978	0.21100127	0.00502816
82.2	0.18184073	0.0989099	0.21100173	0.0048716
82.3	0.1818401	0.09891	0.21100218	0.0050123
82.4	0.1818394	0.09891007	0.2110026	0.00490531
82.5	0.18183863	0.09891011	0.21100301	0.00488232
82.6	0.18183779	0.09891013	0.21100339	0.00491218
82.7	0.1818369	0.09891011	0.21100374	0.00487509
82.8	0.18183595	0.09891007	0.21100406	0.00486917
82.9	0.18183495	0.09891	0.21100435	0.00480196
83	0.18183391	0.0989099	0.21100461	0.00484488
83.1	0.18183284	0.09890978	0.21100483	0.00492562
83.2	0.18183175	0.09890963	0.21100501	0.00503998
83.3	0.18183063	0.09890946	0.21100516	0.0051401
83.4	0.18182951	0.09890927	0.21100527	0.00485698
83.5	0.18182838	0.09890905	0.21100534	0.00497217
83.6	0.18182725	0.09890881	0.21100536	0.00482489
83.7	0.18182614	0.09890855	0.21100535	0.00507978
83.8	0.18182505	0.09890828	0.2110053	0.00475425
83.9	0.18182398	0.09890799	0.21100521	0.00477065
84	0.18182294	0.09890769	0.21100507	0.0050997
84.1	0.18182195	0.09890738	0.21100491	0.00476239
84.2	0.181821	0.09890705	0.2110047	0.00499612
84.3	0.1818201	0.09890672	0.21100446	0.00505896
84.4	0.18181926	0.09890639	0.21100418	0.00475118
84.5	0.18181849	0.09890605	0.21100388	0.00483642
84.6	0.18181779	0.09890572	0.21100354	0.00486208
84.7	0.18181716	0.09890538	0.21100318	0.00491336
84.8	0.18181661	0.09890505	0.21100279	0.00513794
84.9	0.18181614	0.09890473	0.21100238	0.00499183
85	0.18181576	0.09890441	0.21100195	0.00500427
85.1	0.18181546	0.09890411	0.2110015	0.00477723
85.2	0.18181525	0.09890382	0.21100104	0.00512459
85.3	0.18181513	0.09890354	0.21100056	0.00497417
85.4	0.18181511	0.09890328	0.21100009	0.00495924
85.5	0.18181517	0.09890304	0.2109996	0.00477646
85.6	0.18181533	0.09890282	0.21099912	0.00478595
85.7	0.18181557	0.09890261	0.21099864	0.00497993
85.8	0.1818159	0.09890244	0.21099816	0.0049481
85.9	0.18181632	0.09890228	0.21099769	0.00498817
86	0.18181682	0.09890215	0.21099724	0.0049083
86.1	0.1818174	0.09890205	0.2109968	0.0048177
86.2	0.18181805	0.09890197	0.21099637	0.00489535
86.3	0.18181877	0.09890192	0.21099597	0.00511105
86.4	0.18181956	0.09890189	0.21099559	0.00487335
86.5	0.18182041	0.09890189	0.21099524	0.00494524
86.6	0.18182132	0.09890192	0.21099491	0.00514076
86.7	0.18182227	0.09890198	0.21099462	0.00506313
86.8	0.18182326	0.09890206	0.21099435	0.00504641
86.9	0.18182429	0.09890217	0.21099413	0.00477761
87	0.18182535	0.09890231	0.21099393	0.00476198
87.1	0.18182642	0.09890246	0.21099377	0.00476592
87.2	0.18182751	0.09890265	0.21099365	0.0050417
87.3	0.18182861	0.09890285	0.21099357	0.00485822
87.4	0.18182971	0.09890307	0.21099353	0.00491363
87.5	0.1818308	0.09890331	0.21099353	0.0048817
87.6	0.18183187	0.09890357	0.21099356	0.00474879
87.7	0.18183292	0.09890385	0.21099364	0.00510853
87.8	0.18183394	0.09890414	0.21099375	0.00505328
87.9	0.18183493	0.09890444	0.2109939	0.00506427
88	0.18183587	0.09890475	0.21099408	0.00476604
88.1	0.18183677	0.09890507	0.2109943	0.00479075
88.2	0.1818376	0.09890539	0.21099456	0.0049497
88.3	0.18183838	0.09890572	0.21099485	0.00484046
88.4	0.18183909	0.09890604	0.21099516	0.00487247
88.5	0.18183973	0.09890637	0.2109955	0.00474826
88.6	0.1818403	0.09890669	0.21099587	0.0050819
88.7	0.18184079	0.09890701	0.21099627	0.00479908
88.8	0.1818412	0.09890732	0.21099668	0.00506092
88.9	0.18184152	0.09890762	0.21099711	0.00484522
89	0.18184176	0.09890791	0.21099755	0.0049705
89.1	0.18184191	0.09890819	0.210998	0.00494071
89.2	0.18184197	0.09890845	0.21099847	0.00492154
89.3	0.18184195	0.09890869	0.21099894	0.00491127
89.4	0.18184183	0.09890892	0.21099941	0.00506713
89.5	0.18184163	0.09890912	0.21099988	0.00500454
89.6	0.18184134	0.0989093	0.21100034	0.00481632
89.7	0.18184097	0.09890946	0.2110008	0.00477253
89.8	0.18184051	0.0989096	0.21100125	0.00490328
89.9	0.18183998	0.09890971	0.21100169	0.00487815
90	0.18183938	0.0989098	0.21100211	0.00490351
90.1	0.1818387	0.09890986	0.21100251	0.00504078
90.2	0.18183796	0.09890989	0.21100288	0.00481156
90.3	0.18183715	0.0989099	0.21100324	0.00488478
90.4	0.1818363	0.09890988	0.21100357	0.00505871
90.5	0.18183539	0.09890984	0.21100387	0.00475628
90.6	0.18183444	0.09890977	0.21100413	0.00488357
90.7	0.18183345	0.09890967	0.21100437	0.00491161
90.8	0.18183243	0.09890955	0.21100457	0.00485011
90.9	0.18183139	0.09890941	0.21100474	0.00487707
91	0.18183033	0.09890924	0.21100487	0.00497069
91.1	0.18182927	0.09890905	0.21100497	0.00513929
91.2	0.1818282	0.09890884	0.21100502	0.00508796
91.3	0.18182713	0.09890861	0.21100504	0.00510612
91.4	0.18182608	0.09890837	0.21100502	0.00511872
91.5	0.18182505	0.09890811	0.21100497	0.00474852
91.6	0.18182404	0.09890783	0.21100487	0.00496909
91.7	0.18182307	0.09890754	0.21100474	0.00495718
91.8	0.18182214	0.09890724	0.21100458	0.00498366
91.9	0.18182125	0.09890694	0.21100437	0.00506411
92	0.18182041	0.09890662	0.21100414	0.00488958
92.1	0.18181963	0.09890631	0.21100387	0.00492706
92.2	0.18181891	0.09890599	0.21100358	0.00505671
92.3	0.18181826	0.09890567	0.21100325	0.00482118
92.4	0.18181767	0.09890535	0.21100291	0.00510285
92.5	0.18181717	0.09890504	0.21100253	0.00499476
92.6	0.18181674	0.09890474	0.21100214	0.00505733
92.7	0.18181639	0.09890444	0.21100173	0.00503839
92.8	0.18181612	0.09890416	0.2110013	0.00487809
92.9	0.18181594	0.09890388	0.21100086	0.00477129
93	0.18181585	0.09890362	0.21100042	0.00503997
93.1	0.18181584	0.09890338	0.21099996	0.00505536
93.2	0.18181592	0.09890315	0.2109995	0.00507617
93.3	0.18181608	0.09890295	0.21099905	0.00507792
93.4	0.18181633	0.09890276	0.21099859	0.00495036
93.5	0.18181666	0.09890259	0.21099814	0.00479545
93.6	0.18181706	0.09890245	0.2109977	0.00494622
93.7	0.18181755	0.09890233	0.21099727	0.00482577
93.8	0.18181811	0.09890224	0.21099686	0.00495684
93.9	0.18181874	0.09890217	0.21099646	0.00496274
94	0.18181944	0.09890212	0.21099608	0.00513417
94.1	0.1818202	0.09890211	0.21099573	0.00501724
94.2	0.18182101	0.09890211	0.2109954	0.00509833
94.3	0.18182188	0.09890215	0.2109951	0.00497069
94.4	0.18182278	0.0989022	0.21099482	0.00492033
94.5	0.18182373	0.09890229	0.21099458	0.00491107
94.6	0.18182471	0.0989024	0.21099437	0.00485375
94.7	0.18182571	0.09890253	0.21099419	0.00490965
94.8	0.18182674	0.09890268	0.21099405	0.00490485
94.9	0.18182777	0.09890286	0.21099394	0.00504499
95	0.18182881	0.09890305	0.21099387	0.00501421
95.1	0.18182985	0.09890327	0.21099384	0.00500812
95.2	0.18183088	0.0989035	0.21099384	0.00479309
95.3	0.18183189	0.09890375	0.21099388	0.00480477
95.4	0.18183288	0.09890401	0.21099396	0.00513389
95.5	0.18183384	0.09890429	0.21099407	0.00501925
95.6	0.18183477	0.09890457	0.21099422	0.00490362
95.7	0.18183565	0.09890487	0.2109944	0.00506279
95.8	0.18183649	0.09890517	0.21099462	0.00493109
95.9	0.18183727	0.09890548	0.21099486	0.00482933
96	0.181838	0.09890579	0.21099514	0.00510236
96.1	0.18183866	0.0989061	0.21099544	0.00502986
96.2	0.18183925	0.09890641	0.21099577	0.00496087
96.3	0.18183978	0.09890671	0.21099613	0.00495722
96.4	0.18184022	0.09890701	0.2109965	0.00498114
96.5	0.1818406	0.0989073	0.21099689	0.00506859
96.6	0.18184089	0.09890759	0.2109973	0.00507207
96.7	0.1818411	0.09890786	0.21099773	0.00503229
96.8	0.18184122	0.09890812	0.21099816	0.00498711
96.9	0.18184127	0.09890836	0.2109986	0.0051255
97	0.18184123	0.09890859	0.21099904	0.00496946
97.1	0.1818411	0.0989088	0.21099949	0.00494656
97.2	0.18184089	0.09890899	0.21099993	0.00503446
97.3	0.18184061	0.09890915	0.21100037	0.00488363
97.4	0.18184024	0.0989093	0.21100081	0.00511522
97.5	0.1818398	0.09890943	0.21100123	0.00476452
97.6	0.18183928	0.09890953	0.21100164	0.0049789
97.7	0.18183869	0.09890961	0.21100203	0.00491205
97.8	0.18183804	0.09890966	0.21100241	0.0048208
97.9	0.18183733	0.09890969	0.21100276	0.0049898
98	0.18183656	0.09890969	0.21100309	0.00504646
98.1	0.18183573	0.09890967	0.2110034	0.00479484
98.2	0.18183487	0.09890962	0.21100367	0.00502449
98.3	0.18183396	0.09890955	0.21100392	0.00512629
98.4	0.18183302	0.09890946	0.21100414	0.00500673
98.5	0.18183205	0.09890934	0.21100433	0.00495889
98.6	0.18183106	0.0989092	0.21100448	0.00507523
98.7	0.18183006	0.09890903	0.2110046	0.0050454
98.8	0.18182905	0.09890885	0.21100468	0.00501207
98.9	0.18182804	0.09890865	0.21100473	0.00481426
99	0.18182703	0.09890843	0.21100474	0.00483778
99.1	0.18182604	0.09890819	0.21100471	0.00507044
99.2	0.18182507	0.09890794	0.21100465	0.00504506
99.3	0.18182412	0.09890768	0.21100456	0.00500077
99.4	0.1818232	0.09890741	0.21100443	0.00495398
99.5	0.18182233	0.09890712	0.21100426	0.00478325
99.6	0.18182149	0.09890683	0.21100407	0.00477891
99.7	0.18182071	0.09890653	0.21100384	0.00495945
99.8	0.18181998	0.09890623	0.21100358	0.00484724
99.9	0.18181931	0.09890593	0.2110033	0.00503076
100	0.18181871	0.09890563	0.21100299	0.00498144
100.1	0.18181817	0.09890533	0.21100265	0.00504566
100.2	0.1818177	0.09890504	0.2110023	0.00490404
100.3	0.18181731	0.09890475	0.21100192	0.00488102
100.4	0.181817	0.09890447	0.21100153	0.00476265
100.5	0.18181676	0.0989042	0.21100112	0.00484163
100.6	0.1818166	0.09890394	0.21100071	0.00489672
100.7	0.18181653	0.0989037	0.21100028	0.00479088
100.8	0.18181653	0.09890347	0.21099985	0.00496677
100.9	0.18181662	0.09890326	0.21099942	0.00510356
101	0.18181679	0.09890307	0.21099898	0.004821
101.1	0.18181704	0.0989029	0.21099855	0.00484355
101.2	0.18181737	0.09890275	0.21099813	0.00511964
101.3	0.18181777	0.09890262	0.21099771	0.00491703
101.4	0.18181824	0.09890251	0.21099731	0.00486935
101.5	0.18181879	0.09890242	0.21099692	0.00499056
101.6	0.18181939	0.09890236	0.21099655	0.00494986
101.7	0.18182007	0.09890232	0.21099619	0.00484891
101.8	0.18182079	0.09890231	0.21099586	0.00486718
101.9	0.18182157	0.09890232	0.21099555	0.00488072
102	0.1818224	0.09890236	0.21099527	0.00486016
102.1	0.18182327	0.09890242	0.21099502	0.00480424
102.2	0.18182417	0.0989025	0.21099479	0.00491157
102.3	0.1818251	0.09890261	0.2109946	0.00492038
102.4	0.18182606	0.09890274	0.21099444	0.0047612
102.5	0.18182703	0.09890288	0.21099431	0.00511601
102.6	0.18182801	0.09890305	0.21099422	0.00511412
102.7	0.18182899	0.09890324	0.21099416	0.00511224
102.8	0.18182997	0.09890345	0.21099413	0.00501386
102.9	0.18183094	0.09890367	0.21099414	0.00511582
103	0.1818319	0.09890391	0.21099419	0.00498438
103.1	0.18183283	0.09890416	0.21099426	0.00485044
103.2	0.18183374	0.09890443	0.21099438	0.00507617
103.3	0.18183461	0.0989047	0.21099452	0.00477769
103.4	0.18183543	0.09890498	0.2109947	0.00485087
103.5	0.18183622	0.09890527	0.21099491	0.00481232
103.6	0.18183695	0.09890556	0.21099515	0.00495888
103.7	0.18183762	0.09890585	0.21099542	0.00510034
103.8	0.18183824	0.09890614	0.21099571	0.00491702
103.9	0.18183879	0.09890644	0.21099603	0.00479897
104	0.18183927	0.09890672	0.21099636	0.00490738
104.1	0.18183968	0.09890701	0.21099672	0.00495314
104.2	0.18184002	0.09890728	0.2109971	0.0047599
104.3	0.18184028	0.09890755	0.21099749	0.00493668
104.4	0.18184047	0.0989078	0.21099789	0.0051334
104.5	0.18184057	0.09890804	0.2109983	0.00485631
104.6	0.1818406	0.09890827	0.21099872	0.00482526
104.7	0.18184054	0.09890848	0.21099914	0.00496566
104.8	0.18184041	0.09890868	0.21099956	0.00511356
104.9	0.1818402	0.09890886	0.21099998	0.00475005
105	0.18183991	0.09890901	0.2110004	0.00509795
105.1	0.18183955	0.09890915	0.2110008	0.00477778
105.2	0.18183912	0.09890926	0.2110012	0.00477677
105.3	0.18183862	0.09890935	0.21100159	0.0050266
105.4	0.18183805	0.09890942	0.21100196	0.00492589
105.5	0.18183742	0.09890947	0.21100231	0.00505225
105.6	0.18183673	0.09890949	0.21100264	0.00509325
105.7	0.181836	0.09890949	0.21100295	0.00506363
105.8	0.18183521	0.09890946	0.21100323	0.00495111
105.9	0.18183438	0.09890942	0.21100349	0.0051381
106	0.18183352	0.09890934	0.21100372	0.00488487
106.1	0.18183262	0.09890925	0.21100392	0.00476379
106.2	0.1818317	0.09890913	0.21100409	0.00478304
106.3	0.18183076	0.098909	0.21100423	0.00499381
106.4	0.18182981	0.09890884	0.21100434	0.00487286
106.5	0.18182885	0.09890866	0.21100441	0.00496022
106.6	0.1818279	0.09890847	0.21100445	0.00477957
106.7	0.18182695	0.09890826	0.21100445	0.00479492
106.8	0.18182601	0.09890803	0.21100442	0.00484006
106.9	0.18182509	0.09890779	0.21100436	0.00508138
107	0.1818242	0.09890754	0.21100426	0.0049998
107.1	0.18182334	0.09890728	0.21100413	0.00511141
107.2	0.18182252	0.09890701	0.21100397	0.00477748
107.3	0.18182174	0.09890673	0.21100378	0.00483532
107.4	0.18182101	0.09890645	0.21100356	0.00506708
107.5	0.18182033	0.09890616	0.21100331	0.00493984
107.6	0.1818197	0.09890588	0.21100303	0.00486638
107.7	0.18181914	0.09890559	0.21100274	0.00481853
107.8	0.18181864	0.09890531	0.21100242	0.00507244
107.9	0.18181822	0.09890503	0.21100207	0.00497795
108	0.18181786	0.09890476	0.21100172	0.00489607
108.1	0.18181757	0.0989045	0.21100134	0.00510953
108.2	0.18181736	0.09890425	0.21100096	0.00512289
108.3	0.18181723	0.09890401	0.21100056	0.00501799
108.4	0.18181717	0.09890378	0.21100016	0.00479888
108.5	0.18181719	0.09890357	0.21099975	0.00502896
108.6	0.18181729	0.09890337	0.21099934	0.00484762
108.7	0.18181747	0.09890319	0.21099893	0.00503524
108.8	0.18181772	0.09890303	0.21099852	0.00485346
108.9	0.18181804	0.09890289	0.21099812	0.00504533
109	0.18181843	0.09890277	0.21099773	0.00481841
109.1	0.18181889	0.09890267	0.21099735	0.00504788
109.2	0.18181942	0.0989026	0.21099698	0.00475616
109.3	0.18182001	0.09890254	0.21099663	0.00512688
109.4	0.18182065	0.09890251	0.2109963	0.00487786
109.5	0.18182135	0.09890251	0.21099599	0.00506833
109.6	0.1818221	0.09890252	0.21099571	0.00511216
109.7	0.18182289	0.09890256	0.21099544	0.00497819
109.8	0.18182371	0.09890262	0.21099521	0.00484142
109.9	0.18182457	0.0989027	0.210995	0.00500355
110	0.18182546	0.09890281	0.21099482	0.00502631
110.1	0.18182637	0.09890293	0.21099468	0.00495901
110.2	0.18182729	0.09890308	0.21099456	0.00484156
110.3	0.18182822	0.09890324	0.21099448	0.00491078
110.4	0.18182915	0.09890342	0.21099443	0.00478766
110.5	0.18183008	0.09890362	0.21099441	0.00496614
110.6	0.181831	0.09890384	0.21099442	0.00510339
110.7	0.1818319	0.09890406	0.21099447	0.00501333
110.8	0.18183278	0.0989043	0.21099455	0.00492734
110.9	0.18183363	0.09890456	0.21099467	0.00479668
111	0.18183444	0.09890482	0.21099481	0.00502346
111.1	0.18183522	0.09890508	0.21099499	0.00490576
111.2	0.18183595	0.09890535	0.21099519	0.00481975
111.3	0.18183663	0.09890563	0.21099542	0.00511607
111.4	0.18183726	0.09890591	0.21099568	0.00508275
111.5	0.18183783	0.09890619	0.21099596	0.00507111
111.6	0.18183834	0.09890646	0.21099626	0.00485522
111.7	0.18183879	0.09890673	0.21099659	0.00476537
111.8	0.18183916	0.098907	0.21099693	0.00499542
111.9	0.18183947	0.09890726	0.21099729	0.00511322
112	0.1818397	0.09890751	0.21099766	0.0048644
112.1	0.18183986	0.09890775	0.21099804	0.0049743
112.2	0.18183995	0.09890797	0.21099843	0.00499055
112.3	0.18183996	0.09890819	0.21099883	0.0049165
112.4	0.18183989	0.09890838	0.21099923	0.00478924
112.5	0.18183975	0.09890857	0.21099962	0.00493952
112.6	0.18183954	0.09890873	0.21100002	0.00481112
112.7	0.18183926	0.09890887	0.21100041	0.00485136
112.8	0.1818389	0.098909	0.2110008	0.00483826
112.9	0.18183848	0.0989091	0.21100117	0.004851
113	0.18183799	0.09890919	0.21100153	0.00480851
113.1	0.18183744	0.09890925	0.21100188	0.00496845
113.2	0.18183684	0.09890929	0.21100221	0.00502836
113.3	0.18183618	0.0989093	0.21100252	0.00500077
113.4	0.18183547	0.0989093	0.21100281	0.00498516
113.5	0.18183472	0.09890927	0.21100307	0.00492995
113.6	0.18183393	0.09890922	0.21100331	0.00494568
113.7	0.1818331	0.09890915	0.21100353	0.00493035
113.8	0.18183225	0.09890905	0.21100371	0.00496273
113.9	0.18183138	0.09890894	0.21100387	0.00492862
114	0.18183048	0.09890881	0.21100399	0.00479996
114.1	0.18182958	0.09890865	0.21100409	0.00486964
114.2	0.18182868	0.09890848	0.21100415	0.00477103
114.3	0.18182777	0.0989083	0.21100418	0.00488768
114.4	0.18182687	0.09890809	0.21100418	0.00500546
114.5	0.18182599	0.09890788	0.21100414	0.00477317
114.6	0.18182513	0.09890765	0.21100408	0.0050943
114.7	0.18182429	0.09890741	0.21100398	0.00499648
114.8	0.18182348	0.09890716	0.21100385	0.00488844
114.9	0.18182271	0.0989069	0.21100369	0.00487669
115	0.18182198	0.09890664	0.21100351	0.00512882
115.1	0.18182129	0.09890637	0.21100329	0.00489821
115.2	0.18182066	0.0989061	0.21100305	0.00483814
115.3	0.18182008	0.09890583	0.21100279	0.00513504
115.4	0.18181956	0.09890556	0.2110025	0.00481549
115.5	0.1818191	0.0989053	0.21100219	0.00510889
115.6	0.18181871	0.09890503	0.21100187	0.00476349
115.7	0.18181838	0.09890478	0.21100153	0.00483774
115.8	0.18181813	0.09890453	0.21100117	0.00488385
115.9	0.18181794	0.0989043	0.2110008	0.00485507
116	0.18181783	0.09890407	0.21100042	0.00484349
116.1	0.18181779	0.09890386	0.21100004	0.00484744
116.2	0.18181782	0.09890366	0.21099965	0.00500665
116.3	0.18181793	0.09890348	0.21099926	0.00492986
116.4	0.18181811	0.09890331	0.21099888	0.00511369
116.5	0.18181835	0.09890316	0.21099849	0.00475987
116.6	0.18181867	0.09890303	0.21099812	0.00491699
116.7	0.18181906	0.09890292	0.21099775	0.00500782
116.8	0.18181951	0.09890283	0.21099739	0.00509782
116.9	0.18182002	0.09890277	0.21099705	0.00497371
117	0.18182058	0.09890272	0.21099672	0.00506568
117.1	0.1818212	0.09890269	0.21099641	0.00514009
117.2	0.18182187	0.09890269	0.21099612	0.004942
117.3	0.18182259	0.09890271	0.21099585	0.00475188
117.4	0.18182334	0.09890275	0.21099561	0.00507824
117.5	0.18182413	0.09890281	0.21099539	0.00509379
117.6	0.18182495	0.09890289	0.2109952	0.0049434
117.7	0.18182579	0.098903	0.21099504	0.00485176
117.8	0.18182666	0.09890312	0.2109949	0.00504457
117.9	0.18182753	0.09890326	0.2109948	0.00491806
118	0.18182841	0.09890342	0.21099473	0.00474778
118.1	0.18182929	0.09890359	0.21099468	0.00499409
118.2	0.18183017	0.09890378	0.21099467	0.00498218
118.3	0.18183104	0.09890399	0.21099469	0.00490252
118.4	0.18183189	0.09890421	0.21099475	0.00490314
118.5	0.18183271	0.09890444	0.21099483	0.00476551
118.6	0.18183351	0.09890468	0.21099494	0.00492041
118.7	0.18183428	0.09890492	0.21099508	0.00475604
118.8	0.181835	0.09890518	0.21099525	0.00476697
118.9	0.18183569	0.09890544	0.21099545	0.00501514
119	0.18183633	0.0989057	0.21099567	0.00485334
119.1	0.18183691	0.09890596	0.21099592	0.00512274
119.2	0.18183744	0.09890622	0.21099619	0.00504995
119.3	0.18183791	0.09890648	0.21099648	0.00485958
119.4	0.18183832	0.09890674	0.21099679	0.00497687
119.5	0.18183867	0.09890699	0.21099712	0.00498322
119.6	0.18183894	0.09890723	0.21099746	0.00499301
119.7	0.18183915	0.09890747	0.21099782	0.00491112
119.8	0.18183929	0.09890769	0.21099818	0.00495152
119.9	0.18183936	0.09890791	0.21099855	0.00475976
120	0.18183935	0.0989081	0.21099893	0.00509071
120.1	0.18183928	0.09890829	0.2109993	0.00496646
120.2	0.18183913	0.09890846	0.21099968	0.00495188
120.3	0.18183892	0.09890861	0.21100006	0.00514097
120.4	0.18183864	0.09890874	0.21100043	0.0050047
120.5	0.18183829	0.09890886	0.21100079	0.00502146
120.6	0.18183788	0.09890895	0.21100114	0.00476552
120.7	0.18183741	0.09890903	0.21100148	0.00485733
120.8	0.18183688	0.09890908	0.21100181	0.0048203
120.9	0.18183629	0.09890911	0.21100212	0.00489861
121	0.18183566	0.09890912	0.2110024	0.00480123
121.1	0.18183498	0.09890912	0.21100267	0.00479328
121.2	0.18183426	0.09890909	0.21100292	0.00476346
121.3	0.18183351	0.09890903	0.21100314	0.00505218
121.4	0.18183272	0.09890896	0.21100334	0.00497785
121.5	0.18183191	0.09890887	0.21100351	0.00501777
121.6	0.18183108	0.09890876	0.21100365	0.00499976
121.7	0.18183023	0.09890863	0.21100376	0.00499786
121.8	0.18182938	0.09890848	0.21100385	0.00501856
121.9	0.18182852	0.09890832	0.2110039	0.0049476
122	0.18182766	0.09890814	0.21100392	0.00486407
122.1	0.18182682	0.09890794	0.21100392	0.00482658
122.2	0.18182598	0.09890774	0.21100388	0.0048163
122.3	0.18182517	0.09890752	0.21100381	0.0049696
122.4	0.18182438	0.09890729	0.21100371	0.00476331
122.5	0.18182362	0.09890705	0.21100359	0.00506288
122.6	0.1818229	0.09890681	0.21100343	0.00493334
122.7	0.18182221	0.09890656	0.21100325	0.00496681
122.8	0.18182157	0.0989063	0.21100304	0.00499894
122.9	0.18182098	0.09890605	0.21100281	0.00476535
123	0.18182044	0.09890579	0.21100256	0.00510495
123.1	0.18181996	0.09890554	0.21100228	0.0051338
123.2	0.18181954	0.09890528	0.21100199	0.00483856
123.3	0.18181918	0.09890504	0.21100167	0.00506891
123.4	0.18181888	0.0989048	0.21100135	0.0050416
123.5	0.18181865	0.09890457	0.21100101	0.00510333
123.6	0.18181849	0.09890434	0.21100066	0.00476227
123.7	0.1818184	0.09890413	0.2110003	0.00511287
123.8	0.18181837	0.09890393	0.21099994	0.00508964
123.9	0.18181842	0.09890375	0.21099957	0.00510272
124	0.18181853	0.09890358	0.2109992	0.00510978
124.1	0.18181871	0.09890342	0.21099883	0.00502707
124.2	0.18181896	0.09890329	0.21099847	0.0050921
124.3	0.18181927	0.09890317	0.21099812	0.00509634
124.4	0.18181965	0.09890307	0.21099777	0.0050887
124.5	0.18182008	0.09890299	0.21099743	0.00475261
124.6	0.18182058	0.09890293	0.21099711	0.00499409
124.7	0.18182112	0.09890289	0.2109968	0.00482006
124.8	0.18182172	0.09890287	0.21099651	0.00507891
124.9	0.18182236	0.09890287	0.21099624	0.00495765
125	0.18182305	0.09890289	0.210996	0.0049831
125.1	0.18182377	0.09890293	0.21099577	0.00477013
125.2	0.18182452	0.09890299	0.21099557	0.00503606
125.3	0.1818253	0.09890307	0.21099539	0.00501352
125.4	0.1818261	0.09890317	0.21099524	0.00498687
125.5	0.18182692	0.09890329	0.21099512	0.00478209
125.6	0.18182775	0.09890343	0.21099503	0.00477714
125.7	0.18182858	0.09890358	0.21099496	0.00496322
125.8	0.18182942	0.09890375	0.21099493	0.00478274
125.9	0.18183025	0.09890393	0.21099493	0.00495222
126	0.18183106	0.09890413	0.21099495	0.0050919
126.1	0.18183186	0.09890434	0.210995	0.00491932
126.2	0.18183264	0.09890456	0.21099509	0.00497275
126.3	0.18183339	0.09890479	0.2109952	0.00503705
126.4	0.18183411	0.09890502	0.21099534	0.00509624
126.5	0.18183479	0.09890526	0.21099551	0.00498336
126.6	0.18183543	0.09890551	0.2109957	0.00492608
126.7	0.18183603	0.09890576	0.21099591	0.00505893
126.8	0.18183657	0.09890601	0.21099615	0.00497105
126.9	0.18183706	0.09890625	0.21099641	0.0048528
127	0.1818375	0.0989065	0.21099669	0.005095
127.1	0.18183787	0.09890674	0.21099699	0.00505141
127.2	0.18183819	0.09890698	0.2109973	0.00484842
127.3	0.18183844	0.09890721	0.21099763	0.0050955
127.4	0.18183862	0.09890743	0.21099796	0.00486438
127.5	0.18183874	0.09890764	0.21099831	0.00475996
127.6	0.18183879	0.09890784	0.21099866	0.00490656
127.7	0.18183878	0.09890802	0.21099902	0.0048607
127.8	0.18183869	0.09890819	0.21099937	0.00507542
127.9	0.18183855	0.09890835	0.21099973	0.00500308
128	0.18183833	0.09890849	0.21100009	0.00481395
128.1	0.18183805	0.09890861	0.21100043	0.00476063
128.2	0.18183771	0.09890872	0.21100078	0.00497947
128.3	0.18183731	0.09890881	0.21100111	0.0048692
128.4	0.18183685	0.09890887	0.21100143	0.00476202
128.5	0.18183634	0.09890892	0.21100173	0.00494518
128.6	0.18183578	0.09890895	0.21100202	0.00484932
128.7	0.18183517	0.09890896	0.21100229	0.00506969
128.8	0.18183452	0.09890894	0.21100254	0.00488815
128.9	0.18183384	0.09890891	0.21100277	0.00500858
129	0.18183312	0.09890886	0.21100298	0.00488384
129.1	0.18183237	0.09890879	0.21100316	0.00491191
129.2	0.18183159	0.0989087	0.21100331	0.00512654
129.3	0.1818308	0.09890859	0.21100344	0.00503629
129.4	0.18183	0.09890846	0.21100355	0.00492403
129.5	0.18182919	0.09890832	0.21100362	0.00481148
129.6	0.18182838	0.09890816	0.21100366	0.00488387
129.7	0.18182757	0.09890799	0.21100368	0.0051214
129.8	0.18182677	0.0989078	0.21100367	0.00475987
129.9	0.18182598	0.0989076	0.21100363	0.00485778
130	0.18182522	0.09890739	0.21100356	0.0048567
130.1	0.18182447	0.09890718	0.21100346	0.00490672
130.2	0.18182376	0.09890695	0.21100333	0.00498859
130.3	0.18182308	0.09890672	0.21100318	0.0049828
130.4	0.18182244	0.09890648	0.21100301	0.00504581
130.5	0.18182185	0.09890624	0.21100281	0.00509036
130.6	0.1818213	0.098906	0.21100258	0.00496643
130.7	0.1818208	0.09890575	0.21100234	0.00510452
130.8	0.18182035	0.09890551	0.21100207	0.00505102
130.9	0.18181996	0.09890528	0.21100179	0.00506554
131	0.18181963	0.09890504	0.21100149	0.00492946
131.1	0.18181936	0.09890482	0.21100118	0.00507034
131.2	0.18181916	0.0989046	0.21100086	0.00498262
131.3	0.18181902	0.09890439	0.21100053	0.0051095
131.4	0.18181894	0.09890419	0.21100019	0.00483924
131.5	0.18181893	0.09890401	0.21099984	0.00487541
131.6	0.18181898	0.09890383	0.21099949	0.00503674
131.7	0.1818191	0.09890368	0.21099914	0.00494723
131.8	0.18181928	0.09890353	0.2109988	0.00502985
131.9	0.18181953	0.09890341	0.21099846	0.00508669
132	0.18181984	0.0989033	0.21099812	0.0050059
132.1	0.1818202	0.09890321	0.21099779	0.00491489
132.2	0.18182063	0.09890313	0.21099748	0.00510606
132.3	0.1818211	0.09890308	0.21099718	0.0047639
132.4	0.18182163	0.09890304	0.21099689	0.00508432
132.5	0.1818222	0.09890303	0.21099662	0.00500958
132.6	0.18182282	0.09890303	0.21099636	0.0050505
132.7	0.18182347	0.09890306	0.21099613	0.00476893
132.8	0.18182416	0.0989031	0.21099592	0.00485362
132.9	0.18182488	0.09890316	0.21099574	0.00511103
133	0.18182562	0.09890324	0.21099558	0.00480324
133.1	0.18182639	0.09890334	0.21099544	0.00506826
133.2	0.18182716	0.09890346	0.21099533	0.00490382
133.3	0.18182795	0.09890359	0.21099525	0.00501625
133.4	0.18182874	0.09890374	0.21099519	0.00506994
133.5	0.18182953	0.0989039	0.21099516	0.00490052
133.6	0.18183031	0.09890408	0.21099516	0.00511195
133.7	0.18183108	0.09890426	0.21099519	0.00506183
133.8	0.18183184	0.09890446	0.21099525	0.00484072
133.9	0.18183257	0.09890467	0.21099533	0.00488583
134	0.18183327	0.09890489	0.21099544	0.00483312
134.1	0.18183395	0.09890511	0.21099558	0.00475559
134.2	0.18183459	0.09890534	0.21099574	0.0051184
134.3	0.18183518	0.09890558	0.21099593	0.00490456
134.4	0.18183574	0.09890581	0.21099614	0.00508322
134.5	0.18183624	0.09890605	0.21099637	0.00489262
134.6	0.1818367	0.09890628	0.21099662	0.00496794
134.7	0.1818371	0.09890651	0.21099688	0.0048306
134.8	0.18183745	0.09890674	0.21099717	0.00501268
134.9	0.18183773	0.09890697	0.21099747	0.0048057
135	0.18183796	0.09890718	0.21099778	0.00493148
135.1	0.18183812	0.09890739	0.2109981	0.0048673
135.2	0.18183822	0.09890758	0.21099843	0.00499052
135.3	0.18183826	0.09890777	0.21099876	0.00514231
135.4	0.18183823	0.09890794	0.2109991	0.00491004
135.5	0.18183814	0.0989081	0.21099944	0.00500135
135.6	0.18183799	0.09890825	0.21099977	0.00490295
135.7	0.18183777	0.09890838	0.21100011	0.00485852
135.8	0.1818375	0.09890849	0.21100044	0.00496595
135.9	0.18183716	0.09890859	0.21100076	0.00502223
136	0.18183678	0.09890867	0.21100107	0.00509114
136.1	0.18183633	0.09890873	0.21100137	0.00509367
136.2	0.18183584	0.09890877	0.21100166	0.00481403
136.3	0.1818353	0.09890879	0.21100193	0.00514166
136.4	0.18183472	0.09890879	0.21100218	0.00503008
136.5	0.1818341	0.09890878	0.21100241	0.00481068
136.6	0.18183344	0.09890874	0.21100263	0.00504087
136.7	0.18183275	0.09890869	0.21100282	0.00510315
136.8	0.18183204	0.09890862	0.21100299	0.00511168
136.9	0.1818313	0.09890853	0.21100313	0.0050683
137	0.18183055	0.09890843	0.21100325	0.00504979
137.1	0.18182979	0.0989083	0.21100334	0.00477477
137.2	0.18182902	0.09890817	0.2110034	0.00500003
137.3	0.18182825	0.09890801	0.21100344	0.00493109
137.4	0.18182749	0.09890785	0.21100345	0.00492673
137.5	0.18182673	0.09890767	0.21100343	0.00482721
137.6	0.18182599	0.09890748	0.21100339	0.00486645
137.7	0.18182527	0.09890728	0.21100332	0.00498908
137.8	0.18182457	0.09890707	0.21100322	0.00506108
137.9	0.1818239	0.09890685	0.2110031	0.00507478
138	0.18182327	0.09890663	0.21100295	0.00488835
138.1	0.18182267	0.09890641	0.21100278	0.00502764
138.2	0.18182211	0.09890618	0.21100258	0.00477733
138.3	0.1818216	0.09890595	0.21100237	0.00478483
138.4	0.18182114	0.09890572	0.21100213	0.00499689
138.5	0.18182073	0.09890549	0.21100188	0.00501458
138.6	0.18182037	0.09890527	0.21100161	0.00492902
138.7	0.18182007	0.09890505	0.21100133	0.00477981
138.8	0.18181982	0.09890484	0.21100103	0.00478175
138.9	0.18181964	0.09890463	0.21100072	0.00489427
139	0.18181952	0.09890444	0.2110004	0.0051211
139.1	0.18181945	0.09890425	0.21100008	0.00478727
139.2	0.18181946	0.09890408	0.21099975	0.00505129
139.3	0.18181952	0.09890392	0.21099942	0.00476022
139.4	0.18181964	0.09890377	0.21099909	0.00480377
139.5	0.18181983	0.09890364	0.21099877	0.00492455
139.6	0.18182007	0.09890352	0.21099844	0.00495016
139.7	0.18182037	0.09890342	0.21099813	0.00494059
139.8	0.18182073	0.09890334	0.21099782	0.00480093
139.9	0.18182114	0.09890327	0.21099752	0.0048167
140	0.1818216	0.09890322	0.21099724	0.004882
140.1	0.18182211	0.0989032	0.21099697	0.00487863
140.2	0.18182266	0.09890318	0.21099672	0.00512842
140.3	0.18182325	0.09890319	0.21099648	0.00510118
140.4	0.18182387	0.09890322	0.21099627	0.00501574
140.5	0.18182453	0.09890326	0.21099607	0.00505774
140.6	0.18182522	0.09890332	0.2109959	0.00496281
140.7	0.18182592	0.0989034	0.21099575	0.00499347
140.8	0.18182665	0.0989035	0.21099563	0.00512575
140.9	0.18182738	0.09890361	0.21099553	0.00493722
141	0.18182813	0.09890374	0.21099545	0.00504966
141.1	0.18182888	0.09890388	0.21099541	0.00507559
141.2	0.18182962	0.09890404	0.21099539	0.00476111
141.3	0.18183036	0.09890421	0.21099539	0.00499396
141.4	0.18183109	0.09890439	0.21099542	0.00489359
141.5	0.1818318	0.09890458	0.21099548	0.00490814
141.6	0.18183249	0.09890478	0.21099557	0.00483885
141.7	0.18183315	0.09890499	0.21099568	0.00482542
141.8	0.18183378	0.0989052	0.21099581	0.00479936
141.9	0.18183438	0.09890542	0.21099597	0.00495545
142	0.18183494	0.09890564	0.21099615	0.00505887
142.1	0.18183546	0.09890586	0.21099635	0.0050525
142.2	0.18183593	0.09890608	0.21099657	0.00490325
142.3	0.18183635	0.09890631	0.21099681	0.00489925
142.4	0.18183672	0.09890652	0.21099707	0.00510587
142.5	0.18183704	0.09890674	0.21099734	0.0051176
142.6	0.1818373	0.09890695	0.21099762	0.00486826
142.7	0.1818375	0.09890715	0.21099792	0.00501718
142.8	0.18183764	0.09890735	0.21099822	0.00496166
142.9	0.18183773	0.09890753	0.21099853	0.00510326
143	0.18183775	0.0989077	0.21099885	0.00491169
143.1	0.18183771	0.09890787	0.21099917	0.0049746
143.2	0.18183762	0.09890802	0.21099949	0.00481015
143.3	0.18183746	0.09890815	0.21099981	0.00514255
143.4	0.18183725	0.09890827	0.21100013	0.00489291
143.5	0.18183697	0.09890837	0.21100044	0.00514115
143.6	0.18183665	0.09890846	0.21100074	0.00485883
143.7	0.18183627	0.09890853	0.21100103	0.00504754
143.8	0.18183584	0.09890859	0.21100132	0.00510012
143.9	0.18183537	0.09890862	0.21100158	0.00498921
144	0.18183485	0.09890864	0.21100184	0.00503442
144.1	0.18183429	0.09890864	0.21100207	0.00480317
144.2	0.18183369	0.09890862	0.21100229	0.00477683
144.3	0.18183307	0.09890859	0.21100249	0.00489718
144.4	0.18183241	0.09890853	0.21100267	0.00480016
144.5	0.18183173	0.09890846	0.21100282	0.00491461
144.6	0.18183103	0.09890838	0.21100295	0.00492012
144.7	0.18183032	0.09890827	0.21100306	0.00483532
144.8	0.1818296	0.09890815	0.21100314	0.00510111
144.9	0.18182887	0.09890802	0.2110032	0.00479223
145	0.18182814	0.09890787	0.21100323	0.00506545
145.1	0.18182742	0.09890771	0.21100323	0.00488372
145.2	0.18182671	0.09890754	0.21100321	0.00479571
145.3	0.18182601	0.09890736	0.21100316	0.00497735
145.4	0.18182533	0.09890717	0.21100309	0.00478465
145.5	0.18182467	0.09890697	0.211003	0.00475703
145.6	0.18182405	0.09890677	0.21100287	0.00511613
145.7	0.18182345	0.09890656	0.21100273	0.00507463
145.8	0.18182289	0.09890634	0.21100256	0.00486579
145.9	0.18182237	0.09890613	0.21100238	0.0048105
146	0.1818219	0.09890591	0.21100217	0.00511216
146.1	0.18182147	0.09890569	0.21100194	0.00498564
146.2	0.18182108	0.09890548	0.2110017	0.00509315
146.3	0.18182076	0.09890527	0.21100144	0.00486861
146.4	0.18182048	0.09890506	0.21100117	0.00495409
146.5	0.18182026	0.09890486	0.21100089	0.00509489
146.6	0.1818201	0.09890467	0.21100059	0.00480518
146.7	0.18181999	0.09890449	0.21100029	0.00476538
146.8	0.18181994	0.09890431	0.21099999	0.00486456
146.9	0.18181996	0.09890415	0.21099967	0.00489728
147	0.18182003	0.098904	0.21099936	0.00512737
147.1	0.18182016	0.09890386	0.21099905	0.00505253
147.2	0.18182034	0.09890374	0.21099874	0.00508778
147.3	0.18182058	0.09890363	0.21099844	0.00478065
147.4	0.18182088	0.09890354	0.21099814	0.00497118
147.5	0.18182123	0.09890346	0.21099785	0.00475292
147.6	0.18182162	0.09890341	0.21099757	0.00494833
147.7	0.18182207	0.09890336	0.2109973	0.00488289
147.8	0.18182255	0.09890334	0.21099705	0.00507794
147.9	0.18182308	0.09890333	0.21099682	0.00508827
148	0.18182365	0.09890334	0.2109966	0.0048494
148.1	0.18182425	0.09890337	0.2109964	0.00504707
148.2	0.18182487	0.09890341	0.21099622	0.00513106
148.3	0.18182553	0.09890348	0.21099606	0.00478692
148.4	0.1818262	0.09890355	0.21099592	0.00493889
148.5	0.18182689	0.09890365	0.21099581	0.00514093
148.6	0.18182759	0.09890376	0.21099572	0.00493985
148.7	0.18182829	0.09890388	0.21099565	0.00501091
148.8	0.181829	0.09890402	0.21099561	0.00486502
148.9	0.18182971	0.09890417	0.2109956	0.00511349
149	0.18183041	0.09890433	0.21099561	0.00503871
149.1	0.18183109	0.09890451	0.21099564	0.00484829
149.2	0.18183176	0.09890469	0.2109957	0.00497575
149.3	0.18183241	0.09890488	0.21099579	0.00510155
149.4	0.18183303	0.09890507	0.21099589	0.00492439
149.5	0.18183362	0.09890528	0.21099603	0.00507291
149.6	0.18183418	0.09890548	0.21099618	0.00507384
149.7	0.1818347	0.09890569	0.21099635	0.00511445
149.8	0.18183518	0.0989059	0.21099655	0.00485741
149.9	0.18183562	0.09890612	0.21099676	0.00479091
150	0.18183601	0.09890633	0.21099699	0.00493139
150.1	0.18183635	0.09890653	0.21099724	0.00493384
150.2	0.18183664	0.09890674	0.21099749	0.00514187
150.3	0.18183688	0.09890693	0.21099777	0.00510921
150.4	0.18183706	0.09890712	0.21099805	0.00501668
150.5	0.18183719	0.09890731	0.21099834	0.0047698
150.6	0.18183725	0.09890748	0.21099863	0.00486686
150.7	0.18183727	0.09890764	0.21099894	0.00496632
150.8	0.18183722	0.09890779	0.21099924	0.00505464
150.9	0.18183712	0.09890793	0.21099954	0.00509914
151	0.18183696	0.09890806	0.21099984	0.00499969
151.1	0.18183675	0.09890817	0.21100014	0.00510398
151.2	0.18183648	0.09890826	0.21100044	0.0050874
151.3	0.18183616	0.09890834	0.21100072	0.00511218
151.4	0.1818358	0.09890841	0.211001	0.00498567
151.5	0.18183538	0.09890845	0.21100126	0.0049678
151.6	0.18183492	0.09890848	0.21100151	0.00495599
151.7	0.18183443	0.0989085	0.21100175	0.00484076
151.8	0.18183389	0.0989085	0.21100197	0.00485119
151.9	0.18183332	0.09890848	0.21100217	0.00484072
152	0.18183272	0.09890844	0.21100235	0.00507596
152.1	0.1818321	0.09890838	0.21100252	0.00492509
152.2	0.18183145	0.09890832	0.21100266	0.00485929
152.3	0.18183078	0.09890823	0.21100278	0.00483581
152.4	0.18183011	0.09890813	0.21100288	0.00506608
152.5	0.18182942	0.09890801	0.21100295	0.00502511
152.6	0.18182873	0.09890789	0.211003	0.00475136
152.7	0.18182804	0.09890774	0.21100302	0.00499586
152.8	0.18182736	0.09890759	0.21100302	0.00513991
152.9	0.18182669	0.09890743	0.211003	0.00503271
153	0.18182603	0.09890725	0.21100295	0.00493585
153.1	0.18182539	0.09890707	0.21100288	0.00475738
153.2	0.18182478	0.09890688	0.21100278	0.00502641
153.3	0.18182419	0.09890669	0.21100266	0.00499835
153.4	0.18182363	0.09890649	0.21100252	0.00475986
153.5	0.18182311	0.09890628	0.21100236	0.00491324
153.6	0.18182262	0.09890608	0.21100218	0.00501148
153.7	0.18182218	0.09890587	0.21100198	0.00485025
153.8	0.18182178	0.09890567	0.21100176	0.00500329
153.9	0.18182143	0.09890547	0.21100153	0.00491941
154	0.18182113	0.09890527	0.21100128	0.00500017
154.1	0.18182088	0.09890507	0.21100102	0.00510541
154.2	0.18182068	0.09890489	0.21100075	0.00479296
154.3	0.18182053	0.0989047	0.21100047	0.00499088
154.4	0.18182044	0.09890453	0.21100019	0.00497433
154.5	0.18182041	0.09890437	0.2109999	0.00505141
154.6	0.18182043	0.09890422	0.2109996	0.00496365
154.7	0.18182051	0.09890408	0.21099931	0.00478322
154.8	0.18182064	0.09890395	0.21099901	0.00475551
154.9	0.18182083	0.09890384	0.21099872	0.00481006
155	0.18182107	0.09890374	0.21099843	0.00492483
155.1	0.18182135	0.09890365	0.21099815	0.00511102
155.2	0.18182169	0.09890359	0.21099788	0.0051423
155.3	0.18182208	0.09890353	0.21099762	0.00489436
155.4	0.1818225	0.0989035	0.21099737	0.00507449
155.5	0.18182297	0.09890348	0.21099713	0.00474947
155.6	0.18182348	0.09890347	0.21099691	0.00505026
155.7	0.18182402	0.09890348	0.21099671	0.00509498
155.8	0.18182459	0.09890351	0.21099652	0.00497025
155.9	0.18182519	0.09890356	0.21099635	0.00489041
156	0.18182581	0.09890362	0.21099621	0.00494422
156.1	0.18182645	0.0989037	0.21099608	0.00483491
156.2	0.18182711	0.09890379	0.21099598	0.00495876
156.3	0.18182777	0.0989039	0.2109959	0.00485119
156.4	0.18182844	0.09890402	0.21099584	0.004998
156.5	0.18182911	0.09890415	0.21099581	0.00486525
156.6	0.18182978	0.09890429	0.2109958	0.00513126
156.7	0.18183044	0.09890445	0.21099581	0.00474981
156.8	0.18183109	0.09890461	0.21099585	0.00493602
156.9	0.18183172	0.09890479	0.21099591	0.00504
157	0.18183232	0.09890497	0.21099599	0.00486157
157.1	0.18183291	0.09890516	0.2109961	0.00490527
157.2	0.18183346	0.09890535	0.21099623	0.00514223
157.3	0.18183399	0.09890555	0.21099638	0.00493795
157.4	0.18183447	0.09890574	0.21099655	0.00488107
157.5	0.18183492	0.09890594	0.21099673	0.00505389
157.6	0.18183533	0.09890614	0.21099694	0.00476409
157.7	0.18183569	0.09890634	0.21099716	0.00484099
157.8	0.181836	0.09890654	0.21099739	0.00508696
157.9	0.18183627	0.09890673	0.21099764	0.00511443
158	0.18183648	0.09890691	0.2109979	0.00497994
158.1	0.18183664	0.09890709	0.21099817	0.00476299
158.2	0.18183675	0.09890726	0.21099844	0.00506978
158.3	0.18183681	0.09890743	0.21099873	0.00484751
158.4	0.18183681	0.09890758	0.21099901	0.00498803
158.5	0.18183675	0.09890772	0.2109993	0.00480967
158.6	0.18183665	0.09890785	0.21099959	0.00502652
158.7	0.18183649	0.09890796	0.21099987	0.00481605
158.8	0.18183628	0.09890807	0.21100015	0.00484116
158.9	0.18183601	0.09890815	0.21100043	0.00503744
159	0.1818357	0.09890823	0.2110007	0.00479542
159.1	0.18183535	0.09890829	0.21100096	0.00510699
159.2	0.18183495	0.09890833	0.2110012	0.00487302
159.3	0.18183451	0.09890835	0.21100144	0.00493836
159.4	0.18183403	0.09890836	0.21100166	0.00490393
159.5	0.18183352	0.09890836	0.21100187	0.00513923
159.6	0.18183297	0.09890834	0.21100206	0.00512158
159.7	0.1818324	0.0989083	0.21100223	0.0048736
159.8	0.1818318	0.09890824	0.21100238	0.00497295
159.9	0.18183119	0.09890818	0.21100251	0.00488764
160	0.18183056	0.09890809	0.21100262	0.00476231
160.1	0.18182991	0.09890799	0.2110027	0.005143
160.2	0.18182926	0.09890788	0.21100277	0.00513267
160.3	0.18182861	0.09890776	0.21100281	0.00482206
160.4	0.18182796	0.09890762	0.21100283	0.0051181
160.5	0.18182731	0.09890748	0.21100283	0.00512902
160.6	0.18182668	0.09890732	0.2110028	0.0047591
160.7	0.18182606	0.09890715	0.21100275	0.0048999
160.8	0.18182546	0.09890698	0.21100267	0.00478372
160.9	0.18182488	0.0989068	0.21100258	0.00507747
161	0.18182433	0.09890661	0.21100246	0.0049592
161.1	0.18182381	0.09890642	0.21100233	0.00486073
161.2	0.18182332	0.09890623	0.21100217	0.00475293
161.3	0.18182287	0.09890604	0.211002	0.0050748
161.4	0.18182246	0.09890584	0.2110018	0.0048481
161.5	0.18182209	0.09890565	0.21100159	0.00495366
161.6	0.18182176	0.09890546	0.21100137	0.00490023
161.7	0.18182149	0.09890527	0.21100114	0.00481239
161.8	0.18182126	0.09890509	0.21100089	0.00484848
161.9	0.18182108	0.09890491	0.21100063	0.00490144
162	0.18182095	0.09890474	0.21100037	0.00506638
162.1	0.18182088	0.09890458	0.21100009	0.00506147
162.2	0.18182085	0.09890443	0.21099982	0.0050531
162.3	0.18182088	0.09890429	0.21099954	0.00502107
162.4	0.18182097	0.09890416	0.21099926	0.00493387
162.5	0.1818211	0.09890404	0.21099898	0.00478146
162.6	0.18182129	0.09890393	0.2109987	0.00504108
162.7	0.18182152	0.09890384	0.21099843	0.00485463
162.8	0.1818218	0.09890376	0.21099817	0.00484384
162.9	0.18182213	0.0989037	0.21099791	0.00499264
163	0.1818225	0.09890365	0.21099767	0.00494902
163.1	0.18182292	0.09890362	0.21099743	0.00493528
163.2	0.18182337	0.09890361	0.21099721	0.00482476
163.3	0.18182385	0.09890361	0.210997	0.00494775
163.4	0.18182437	0.09890362	0.21099681	0.00485363
163.5	0.18182492	0.09890365	0.21099664	0.00491883
163.6	0.18182549	0.0989037	0.21099649	0.00506554
163.7	0.18182608	0.09890376	0.21099635	0.00509784
163.8	0.18182669	0.09890383	0.21099624	0.00494297
163.9	0.18182731	0.09890392	0.21099614	0.00483923
164	0.18182794	0.09890403	0.21099607	0.00500339
164.1	0.18182858	0.09890414	0.21099602	0.00478837
164.2	0.18182921	0.09890427	0.21099599	0.00480367
164.3	0.18182984	0.09890441	0.21099599	0.00503112
164.4	0.18183046	0.09890456	0.21099601	0.00510486
164.5	0.18183107	0.09890472	0.21099605	0.00491775
164.6	0.18183166	0.09890488	0.21099611	0.00492134
164.7	0.18183224	0.09890505	0.21099619	0.00504797
164.8	0.18183279	0.09890523	0.2109963	0.00492093
164.9	0.18183331	0.09890542	0.21099642	0.00514305
165	0.18183379	0.0989056	0.21099657	0.00476192
165.1	0.18183425	0.09890579	0.21099673	0.00506472
165.2	0.18183466	0.09890598	0.21099691	0.00490286
165.3	0.18183504	0.09890617	0.21099711	0.00483691
165.4	0.18183537	0.09890636	0.21099732	0.00501126
165.5	0.18183566	0.09890654	0.21099754	0.00499498
165.6	0.1818359	0.09890672	0.21099778	0.00510927
165.7	0.1818361	0.0989069	0.21099803	0.00475361
165.8	0.18183624	0.09890706	0.21099828	0.00490119
165.9	0.18183634	0.09890722	0.21099854	0.00488004
166	0.18183638	0.09890738	0.21099881	0.00510472
166.1	0.18183637	0.09890752	0.21099908	0.00494114
166.2	0.18183631	0.09890765	0.21099935	0.00494494
166.3	0.1818362	0.09890777	0.21099962	0.00512789
166.4	0.18183604	0.09890788	0.21099989	0.00481104
166.5	0.18183583	0.09890797	0.21100016	0.00476425
166.6	0.18183557	0.09890805	0.21100042	0.00505106
166.7	0.18183527	0.09890812	0.21100067	0.00488713
166.8	0.18183493	0.09890817	0.21100092	0.00487522
166.9	0.18183454	0.09890821	0.21100115	0.00481495
167	0.18183412	0.09890823	0.21100137	0.00485342
167.1	0.18183366	0.09890823	0.21100158	0.0051093
167.2	0.18183317	0.09890823	0.21100177	0.0047582
167.3	0.18183265	0.0989082	0.21100194	0.00508843
167.4	0.1818321	0.09890816	0.2110021	0.005134
167.5	0.18183153	0.09890811	0.21100224	0.00486579
167.6	0.18183094	0.09890804	0.21100236	0.00505073
167.7	0.18183034	0.09890796	0.21100246	0.00503472
167.8	0.18182973	0.09890787	0.21100254	0.00488432
167.9	0.18182912	0.09890776	0.2110026	0.00499964
168	0.1818285	0.09890764	0.21100263	0.00489796
168.1	0.18182789	0.09890751	0.21100265	0.00491145
168.2	0.18182728	0.09890737	0.21100264	0.0047986
168.3	0.18182668	0.09890722	0.21100261	0.00499111
168.4	0.18182609	0.09890706	0.21100256	0.00483779
168.5	0.18182553	0.09890689	0.21100248	0.00511385
168.6	0.18182499	0.09890672	0.21100239	0.00514261
168.7	0.18182447	0.09890654	0.21100228	0.00475435
168.8	0.18182398	0.09890636	0.21100214	0.00506357
168.9	0.18182352	0.09890618	0.21100199	0.00501364
169	0.1818231	0.098906	0.21100182	0.00511506
169.1	0.18182272	0.09890581	0.21100164	0.00510548
169.2	0.18182238	0.09890563	0.21100144	0.00485827
169.3	0.18182208	0.09890545	0.21100122	0.00501875
169.4	0.18182183	0.09890527	0.211001	0.00513851
169.5	0.18182162	0.0989051	0.21100076	0.00514009
169.6	0.18182146	0.09890493	0.21100052	0.004824
169.7	0.18182135	0.09890478	0.21100026	0.00487345
169.8	0.18182129	0.09890462	0.21100001	0.00485285
169.9	0.18182128	0.09890448	0.21099974	0.00485617
170	0.18182131	0.09890435	0.21099948	0.00494951
170.1	0.1818214	0.09890423	0.21099921	0.00487443
170.2	0.18182154	0.09890412	0.21099895	0.00504012
170.3	0.18182172	0.09890402	0.21099869	0.00509547
170.4	0.18182195	0.09890394	0.21099844	0.00488086
170.5	0.18182223	0.09890387	0.21099819	0.00480551
170.6	0.18182255	0.09890381	0.21099795	0.0049958
170.7	0.18182291	0.09890377	0.21099771	0.0050938
170.8	0.1818233	0.09890374	0.2109975	0.00506495
170.9	0.18182374	0.09890373	0.21099729	0.00490867
171	0.1818242	0.09890373	0.2109971	0.0049059
171.1	0.1818247	0.09890375	0.21099692	0.00477647
171.2	0.18182522	0.09890378	0.21099676	0.00511842
171.3	0.18182577	0.09890383	0.21099662	0.00503903
171.4	0.18182633	0.09890389	0.21099649	0.00474859
171.5	0.18182691	0.09890396	0.21099639	0.00496788
171.6	0.1818275	0.09890405	0.2109963	0.00476931
171.7	0.1818281	0.09890415	0.21099624	0.00500206
171.8	0.1818287	0.09890426	0.21099619	0.00502261
171.9	0.1818293	0.09890438	0.21099617	0.0048976
172	0.18182989	0.09890452	0.21099617	0.00493779
172.1	0.18183048	0.09890466	0.21099619	0.00504277
172.2	0.18183105	0.09890481	0.21099623	0.00501828
172.3	0.18183161	0.09890497	0.21099629	0.0048476
172.4	0.18183215	0.09890513	0.21099638	0.00478934
172.5	0.18183266	0.0989053	0.21099648	0.00498497
172.6	0.18183315	0.09890548	0.2109966	0.00482789
172.7	0.18183361	0.09890565	0.21099674	0.00513843
172.8	0.18183403	0.09890583	0.2109969	0.00512928
172.9	0.18183442	0.09890601	0.21099707	0.00494593
173	0.18183477	0.09890619	0.21099726	0.00512998
173.1	0.18183507	0.09890637	0.21099747	0.00489791
173.2	0.18183534	0.09890654	0.21099768	0.00478193
173.3	0.18183556	0.09890671	0.21099791	0.00493481
173.4	0.18183573	0.09890688	0.21099814	0.00480106
173.5	0.18183586	0.09890703	0.21099838	0.00482506
173.6	0.18183594	0.09890718	0.21099863	0.00479125
173.7	0.18183597	0.09890733	0.21099889	0.00500383
173.8	0.18183595	0.09890746	0.21099914	0.00497871
173.9	0.18183589	0.09890758	0.2109994	0.00503729
174	0.18183578	0.09890769	0.21099966	0.00494046
174.1	0.18183562	0.09890779	0.21099991	0.00504268
174.2	0.18183541	0.09890788	0.21100016	0.00483075
174.3	0.18183516	0.09890795	0.21100041	0.00481042
174.4	0.18183487	0.09890801	0.21100065	0.00502087
174.5	0.18183453	0.09890806	0.21100088	0.00493579
174.6	0.18183416	0.09890809	0.21100109	0.00489717
174.7	0.18183375	0.09890811	0.2110013	0.00505679
174.8	0.18183331	0.09890811	0.21100149	0.00491021
174.9	0.18183284	0.0989081	0.21100167	0.0048742
175	0.18183234	0.09890808	0.21100183	0.0051205
175.1	0.18183182	0.09890804	0.21100198	0.00496935
175.2	0.18183128	0.09890798	0.21100211	0.00499349
175.3	0.18183072	0.09890792	0.21100222	0.00493983
175.4	0.18183015	0.09890784	0.21100231	0.00483105
175.5	0.18182957	0.09890775	0.21100238	0.00481847
175.6	0.18182899	0.09890764	0.21100243	0.0049565
175.7	0.1818284	0.09890753	0.21100246	0.0050461
175.8	0.18182782	0.0989074	0.21100247	0.00486473
175.9	0.18182725	0.09890727	0.21100246	0.00487879
176	0.18182668	0.09890712	0.21100243	0.00499545
176.1	0.18182613	0.09890697	0.21100237	0.00494063
176.2	0.1818256	0.09890681	0.2110023	0.00488842
176.3	0.18182509	0.09890665	0.21100221	0.00480281
176.4	0.18182461	0.09890648	0.2110021	0.00482033
176.5	0.18182415	0.09890631	0.21100197	0.00474786
176.6	0.18182373	0.09890614	0.21100182	0.00494895
176.7	0.18182333	0.09890596	0.21100166	0.00495156
176.8	0.18182298	0.09890579	0.21100148	0.00498084
176.9	0.18182266	0.09890562	0.21100129	0.00491989
177	0.18182239	0.09890544	0.21100109	0.00507398
177.1	0.18182216	0.09890528	0.21100087	0.00480405
177.2	0.18182197	0.09890512	0.21100064	0.00506904
177.3	0.18182182	0.09890496	0.21100041	0.0050359
177.4	0.18182173	0.09890481	0.21100017	0.0050135
177.5	0.18182168	0.09890467	0.21099993	0.00513952
177.6	0.18182168	0.09890454	0.21099968	0.00502214
177.7	0.18182172	0.09890441	0.21099943	0.004872
177.8	0.18182181	0.0989043	0.21099918	0.00478283
177.9	0.18182195	0.0989042	0.21099893	0.00481636
178	0.18182213	0.09890411	0.21099868	0.00489584
178.1	0.18182236	0.09890403	0.21099844	0.00483529
178.2	0.18182263	0.09890397	0.21099821	0.00508373
178.3	0.18182294	0.09890392	0.21099798	0.00479585
178.4	0.18182328	0.09890388	0.21099776	0.00493582
178.5	0.18182367	0.09890386	0.21099756	0.00490781
178.6	0.18182408	0.09890385	0.21099736	0.00500093
178.7	0.18182453	0.09890385	0.21099718	0.00507821
178.8	0.181825	0.09890387	0.21099702	0.0048565
178.9	0.1818255	0.0989039	0.21099687	0.00505437
179	0.18182602	0.09890395	0.21099674	0.0050255
179.1	0.18182656	0.09890401	0.21099662	0.00500929
179.2	0.18182711	0.09890408	0.21099653	0.00514139
179.3	0.18182767	0.09890417	0.21099645	0.00476861
179.4	0.18182824	0.09890426	0.21099639	0.00492197
179.5	0.1818288	0.09890437	0.21099636	0.00496121
179.6	0.18182937	0.09890449	0.21099634	0.00513663
179.7	0.18182993	0.09890462	0.21099634	0.00505546
179.8	0.18183049	0.09890475	0.21099637	0.00510302
179.9	0.18183103	0.0989049	0.21099641	0.00507442
180	0.18183155	0.09890505	0.21099647	0.00484959
180.1	0.18183206	0.09890521	0.21099655	0.0048827
180.2	0.18183254	0.09890537	0.21099665	0.00475674
180.3	0.181833	0.09890553	0.21099677	0.00511575
180.4	0.18183342	0.0989057	0.21099691	0.00481572
180.5	0.18183382	0.09890587	0.21099706	0.00488891
180.6	0.18183418	0.09890604	0.21099723	0.00509163
180.7	0.1818345	0.09890621	0.21099741	0.00482213
180.8	0.18183478	0.09890638	0.2109976	0.00490207
180.9	0.18183503	0.09890654	0.21099781	0.00487324
181	0.18183523	0.0989067	0.21099802	0.00480869
181.1	0.18183539	0.09890685	0.21099825	0.00498011
181.2	0.1818355	0.098907	0.21099848	0.00478024
181.3	0.18183556	0.09890714	0.21099872	0.00507735
181.4	0.18183559	0.09890728	0.21099896	0.00501047
181.5	0.18183556	0.0989074	0.2109992	0.00485769
181.6	0.18183549	0.09890751	0.21099945	0.00502264
181.7	0.18183537	0.09890762	0.21099969	0.00477004
181.8	0.18183521	0.09890771	0.21099993	0.00495302
181.9	0.18183501	0.09890779	0.21100017	0.00495217
182	0.18183477	0.09890786	0.2110004	0.00490703
182.1	0.18183448	0.09890791	0.21100062	0.00491595
182.2	0.18183416	0.09890795	0.21100083	0.00483182
182.3	0.1818338	0.09890798	0.21100104	0.00507563
182.4	0.18183341	0.098908	0.21100123	0.00488116
182.5	0.18183298	0.098908	0.21100141	0.00481473
182.6	0.18183253	0.09890798	0.21100158	0.00494855
182.7	0.18183206	0.09890796	0.21100173	0.0048888
182.8	0.18183156	0.09890792	0.21100186	0.00504755
182.9	0.18183104	0.09890786	0.21100198	0.00494835
183	0.18183051	0.0989078	0.21100208	0.00503486
183.1	0.18182997	0.09890772	0.21100217	0.00500536
183.2	0.18182942	0.09890763	0.21100223	0.0047843
183.3	0.18182887	0.09890753	0.21100227	0.00512232
183.4	0.18182832	0.09890742	0.2110023	0.00498035
183.5	0.18182777	0.0989073	0.2110023	0.00512868
183.6	0.18182723	0.09890717	0.21100229	0.00512208
183.7	0.18182669	0.09890703	0.21100226	0.00514229
183.8	0.18182618	0.09890689	0.2110022	0.00475232
183.9	0.18182568	0.09890674	0.21100213	0.00508685
184	0.1818252	0.09890658	0.21100204	0.00503224
184.1	0.18182474	0.09890642	0.21100193	0.00494408
184.2	0.18182432	0.09890626	0.2110018	0.00507169
184.3	0.18182392	0.0989061	0.21100166	0.00509559
184.4	0.18182356	0.09890593	0.21100151	0.00510057
184.5	0.18182323	0.09890577	0.21100134	0.00498599
184.6	0.18182293	0.0989056	0.21100115	0.0049328
184.7	0.18182268	0.09890544	0.21100096	0.00477925
184.8	0.18182247	0.09890529	0.21100075	0.00504438
184.9	0.1818223	0.09890513	0.21100054	0.00508287
185	0.18182217	0.09890499	0.21100031	0.00489075
185.1	0.18182209	0.09890485	0.21100008	0.00508934
185.2	0.18182205	0.09890471	0.21099985	0.00504111
185.3	0.18182206	0.09890459	0.21099962	0.00505879
185.4	0.18182211	0.09890447	0.21099938	0.00479147
185.5	0.1818222	0.09890437	0.21099914	0.00513519
185.6	0.18182234	0.09890428	0.21099891	0.00494804
185.7	0.18182252	0.09890419	0.21099867	0.00508128
185.8	0.18182274	0.09890412	0.21099845	0.00484193
185.9	0.18182301	0.09890406	0.21099823	0.00500364
186	0.1818233	0.09890402	0.21099801	0.00492133
186.1	0.18182364	0.09890399	0.21099781	0.00505093
186.2	0.18182401	0.09890397	0.21099762	0.00474991
186.3	0.18182441	0.09890396	0.21099744	0.0050324
186.4	0.18182484	0.09890397	0.21099727	0.0047571
186.5	0.18182529	0.09890399	0.21099712	0.00493128
186.6	0.18182577	0.09890402	0.21099698	0.00505363
186.7	0.18182626	0.09890407	0.21099686	0.00480642
186.8	0.18182677	0.09890413	0.21099675	0.00511527
186.9	0.18182729	0.0989042	0.21099666	0.00495869
187	0.18182783	0.09890428	0.2109966	0.00486797
187.1	0.18182836	0.09890437	0.21099654	0.00507484
187.2	0.1818289	0.09890448	0.21099651	0.00478482
187.3	0.18182944	0.09890459	0.2109965	0.00488767
187.4	0.18182997	0.09890471	0.21099651	0.00501282
187.5	0.18183049	0.09890484	0.21099653	0.00497887
187.6	0.181831	0.09890498	0.21099658	0.00507907
187.7	0.18183149	0.09890513	0.21099664	0.00485575
187.8	0.18183197	0.09890527	0.21099672	0.00507819
187.9	0.18183242	0.09890543	0.21099682	0.00478278
188	0.18183285	0.09890559	0.21099693	0.00491386
188.1	0.18183324	0.09890574	0.21099707	0.00478332
188.2	0.18183361	0.09890591	0.21099721	0.00490989
188.3	0.18183395	0.09890607	0.21099737	0.00514307
188.4	0.18183425	0.09890623	0.21099755	0.00511443
188.5	0.18183451	0.09890638	0.21099773	0.00506573
188.6	0.18183473	0.09890654	0.21099793	0.00500128
188.7	0.18183491	0.09890669	0.21099814	0.00481591
188.8	0.18183505	0.09890683	0.21099835	0.00499201
188.9	0.18183515	0.09890697	0.21099857	0.00498964
189	0.18183521	0.0989071	0.21099879	0.00485227
189.1	0.18183522	0.09890723	0.21099902	0.00498591
189.2	0.18183519	0.09890734	0.21099925	0.0050933
189.3	0.18183511	0.09890745	0.21099948	0.00492468
189.4	0.18183499	0.09890754	0.21099971	0.00505092
189.5	0.18183483	0.09890763	0.21099994	0.00491396
189.6	0.18183464	0.0989077	0.21100016	0.00493259
189.7	0.1818344	0.09890777	0.21100038	0.00484999
189.8	0.18183412	0.09890781	0.21100059	0.00508199
189.9	0.18183381	0.09890785	0.21100079	0.00496081
190	0.18183346	0.09890788	0.21100098	0.00475064
190.1	0.18183308	0.09890789	0.21100116	0.0047587
190.2	0.18183268	0.09890789	0.21100133	0.00477938
190.3	0.18183225	0.09890787	0.21100149	0.00491351
190.4	0.18183179	0.09890784	0.21100163	0.00509469
190.5	0.18183132	0.0989078	0.21100175	0.00486639
190.6	0.18183083	0.09890775	0.21100186	0.00482103
190.7	0.18183032	0.09890769	0.21100195	0.00483008
190.8	0.18182981	0.09890761	0.21100203	0.00475669
190.9	0.18182929	0.09890753	0.21100209	0.0047688
191	0.18182877	0.09890743	0.21100212	0.00501159
191.1	0.18182824	0.09890732	0.21100214	0.00508067
191.2	0.18182772	0.09890721	0.21100215	0.0051142
191.3	0.18182721	0.09890708	0.21100213	0.00506575
191.4	0.18182671	0.09890695	0.21100209	0.00476406
191.5	0.18182622	0.09890681	0.21100204	0.00509034
191.6	0.18182575	0.09890667	0.21100197	0.0047766
191.7	0.1818253	0.09890652	0.21100188	0.00476457
191.8	0.18182488	0.09890637	0.21100177	0.00500702
191.9	0.18182448	0.09890621	0.21100165	0.00487878
192	0.18182411	0.09890606	0.21100151	0.00506587
192.1	0.18182377	0.0989059	0.21100136	0.00489423
192.2	0.18182347	0.09890575	0.2110012	0.00477678
192.3	0.1818232	0.09890559	0.21100102	0.00510187
192.4	0.18182296	0.09890544	0.21100084	0.00476445
192.5	0.18182277	0.09890529	0.21100064	0.00507745
192.6	0.18182262	0.09890515	0.21100043	0.00496929
192.7	0.1818225	0.09890501	0.21100022	0.00483476
192.8	0.18182243	0.09890488	0.211	0.00505438
192.9	0.1818224	0.09890476	0.21099978	0.00496932
193	0.18182242	0.09890464	0.21099956	0.00482206
193.1	0.18182247	0.09890453	0.21099934	0.00500722
193.2	0.18182257	0.09890444	0.21099911	0.00487544
193.3	0.18182271	0.09890435	0.21099889	0.00505915
193.4	0.18182289	0.09890427	0.21099867	0.00497986
193.5	0.18182311	0.09890421	0.21099846	0.00498583
193.6	0.18182336	0.09890416	0.21099825	0.00497083
193.7	0.18182365	0.09890411	0.21099805	0.00513429
193.8	0.18182397	0.09890409	0.21099786	0.00489246
193.9	0.18182433	0.09890407	0.21099768	0.00507618
194	0.18182471	0.09890407	0.21099751	0.00481095
194.1	0.18182512	0.09890408	0.21099735	0.00496435
194.2	0.18182556	0.0989041	0.21099721	0.00506193
194.3	0.18182601	0.09890413	0.21099708	0.00489554
194.4	0.18182648	0.09890418	0.21099697	0.00487502
194.5	0.18182697	0.09890423	0.21099687	0.00489578
194.6	0.18182746	0.0989043	0.21099679	0.00489454
194.7	0.18182797	0.09890438	0.21099673	0.00495157
194.8	0.18182848	0.09890447	0.21099669	0.00501564
194.9	0.18182899	0.09890457	0.21099666	0.00501032
195	0.18182949	0.09890468	0.21099665	0.00508859
195.1	0.18182999	0.0989048	0.21099666	0.00500906
195.2	0.18183049	0.09890493	0.21099669	0.00491211
195.3	0.18183097	0.09890506	0.21099673	0.00492915
195.4	0.18183143	0.0989052	0.2109968	0.00487594
195.5	0.18183188	0.09890534	0.21099688	0.00483956
195.6	0.1818323	0.09890548	0.21099697	0.00478349
195.7	0.1818327	0.09890563	0.21099709	0.00489198
195.8	0.18183307	0.09890578	0.21099721	0.00509812
195.9	0.18183341	0.09890594	0.21099735	0.00486045
196	0.18183372	0.09890609	0.21099751	0.00476201
196.1	0.181834	0.09890624	0.21099768	0.0049192
196.2	0.18183424	0.09890639	0.21099785	0.00486388
196.3	0.18183445	0.09890653	0.21099804	0.00476332
196.4	0.18183461	0.09890667	0.21099824	0.00512357
196.5	0.18183474	0.09890681	0.21099844	0.00487171
196.6	0.18183482	0.09890694	0.21099865	0.00490894
196.7	0.18183487	0.09890706	0.21099886	0.00505955
196.8	0.18183487	0.09890718	0.21099908	0.00507112
196.9	0.18183483	0.09890729	0.2109993	0.00486196
197	0.18183475	0.09890739	0.21099952	0.00498603
197.1	0.18183463	0.09890748	0.21099974	0.00477769
197.2	0.18183448	0.09890755	0.21099995	0.00506907
197.3	0.18183428	0.09890762	0.21100016	0.00480205
197.4	0.18183405	0.09890768	0.21100036	0.00484738
197.5	0.18183378	0.09890772	0.21100056	0.00496781
197.6	0.18183348	0.09890776	0.21100075	0.00492266
197.7	0.18183314	0.09890778	0.21100093	0.0050385
197.8	0.18183278	0.09890778	0.2110011	0.0049838
197.9	0.18183239	0.09890778	0.21100126	0.00482939
198	0.18183198	0.09890777	0.2110014	0.00484651
198.1	0.18183155	0.09890774	0.21100153	0.00506153
198.2	0.18183109	0.0989077	0.21100165	0.00500502
198.3	0.18183063	0.09890765	0.21100175	0.00490083
198.4	0.18183015	0.09890758	0.21100183	0.00498699
198.5	0.18182966	0.09890751	0.2110019	0.00503642
198.6	0.18182917	0.09890743	0.21100195	0.00504199
198.7	0.18182867	0.09890733	0.21100198	0.00499313
198.8	0.18182818	0.09890723	0.211002	0.00495962
198.9	0.18182768	0.09890712	0.211002	0.0048159
199	0.1818272	0.098907	0.21100198	0.00501442
199.1	0.18182673	0.09890687	0.21100194	0.00501854
199.2	0.18182627	0.09890674	0.21100188	0.00501563
199.3	0.18182583	0.0989066	0.21100181	0.00506147
199.4	0.18182541	0.09890646	0.21100173	0.00500213
199.5	0.18182501	0.09890632	0.21100162	0.00507533
199.6	0.18182464	0.09890617	0.21100151	0.00509154
199.7	0.18182429	0.09890603	0.21100137	0.00498554
199.8	0.18182398	0.09890588	0.21100123	0.00496581
199.9	0.1818237	0.09890573	0.21100107	0.00505841
200	0.18182345	0.09890558	0.2110009	0.00504348
