TIME	X:1	R:1	Y:1	noise:1
0	0.2533	0.1299	0.2079	0.00663757
0.1	0.25329974	0.12990172	0.20789443	0.00669798
0.2	0.25330047	0.12990334	0.20788963	0.00657221
0.3	0.25330205	0.12990487	0.20788554	0.00658946
0.4	0.25330434	0.12990636	0.20788206	0.00630302
0.5	0.25330724	0.12990782	0.20787914	0.00671203
0.6	0.25331063	0.12990926	0.20787672	0.00671569
0.7	0.25331441	0.12991071	0.20787475	0.00658128
0.8	0.25331852	0.12991217	0.20787318	0.00659972
0.9	0.25332286	0.12991365	0.20787199	0.0067332
1	0.25332737	0.12991515	0.20787114	0.00640978
1.1	0.25333199	0.12991668	0.2078706	0.00633972
1.2	0.25333666	0.12991823	0.20787035	0.00646431
1.3	0.25334132	0.1299198	0.20787036	0.00624593
1.4	0.25334593	0.1299214	0.20787061	0.00646575
1.5	0.25335044	0.12992302	0.20787108	0.00630173
1.6	0.25335481	0.12992465	0.20787175	0.00630007
1.7	0.25335901	0.12992629	0.20787261	0.00659121
1.8	0.25336301	0.12992793	0.20787364	0.00658424
1.9	0.25336677	0.12992956	0.20787481	0.0066223
2	0.25337027	0.12993119	0.20787613	0.00675031
2.1	0.25337348	0.1299328	0.20787756	0.00628843
2.2	0.25337639	0.12993438	0.20787911	0.00630016
2.3	0.25337897	0.12993594	0.20788074	0.00651494
2.4	0.25338122	0.12993746	0.20788245	0.0065972
2.5	0.25338312	0.12993893	0.20788423	0.00672433
2.6	0.25338466	0.12994035	0.20788606	0.00662722
2.7	0.25338584	0.12994171	0.20788793	0.00668999
2.8	0.25338665	0.129943	0.20788982	0.0063599
2.9	0.2533871	0.12994423	0.20789172	0.00637773
3	0.25338717	0.12994538	0.20789362	0.00646916
3.1	0.25338688	0.12994645	0.20789551	0.00640872
3.2	0.25338623	0.12994743	0.20789738	0.00669049
3.3	0.25338523	0.12994833	0.20789921	0.00637854
3.4	0.25338389	0.12994913	0.207901	0.00625125
3.5	0.25338222	0.12994983	0.20790273	0.00635576
3.6	0.25338024	0.12995044	0.2079044	0.00645138
3.7	0.25337795	0.12995095	0.20790599	0.0064777
3.8	0.25337538	0.12995135	0.2079075	0.00647297
3.9	0.25337254	0.12995166	0.20790892	0.00663859
4	0.25336946	0.12995186	0.20791024	0.00659443
4.1	0.25336615	0.12995196	0.20791146	0.00630152
4.2	0.25336264	0.12995195	0.20791257	0.00674852
4.3	0.25335894	0.12995185	0.20791357	0.00630943
4.4	0.25335509	0.12995165	0.20791445	0.00640447
4.5	0.2533511	0.12995136	0.20791521	0.00642943
4.6	0.25334701	0.12995097	0.20791584	0.00641959
4.7	0.25334283	0.12995049	0.20791635	0.00658237
4.8	0.25333858	0.12994994	0.20791673	0.00641354
4.9	0.25333431	0.1299493	0.20791698	0.00636673
5	0.25333002	0.12994858	0.20791711	0.00646049
5.1	0.25332575	0.1299478	0.20791711	0.00633855
5.2	0.25332151	0.12994695	0.20791698	0.00649766
5.3	0.25331734	0.12994604	0.20791673	0.00629592
5.4	0.25331324	0.12994508	0.20791637	0.00635233
5.5	0.25330926	0.12994407	0.20791589	0.00651635
5.6	0.2533054	0.12994302	0.20791529	0.00657532
5.7	0.25330169	0.12994194	0.2079146	0.00642966
5.8	0.25329815	0.12994083	0.2079138	0.00643223
5.9	0.25329478	0.1299397	0.2079129	0.00665165
6	0.25329162	0.12993855	0.20791192	0.00660631
6.1	0.25328868	0.1299374	0.20791086	0.00656054
6.2	0.25328596	0.12993625	0.20790972	0.00666553
6.3	0.25328348	0.1299351	0.20790852	0.00639646
6.4	0.25328126	0.12993397	0.20790725	0.00642268
6.5	0.2532793	0.12993285	0.20790594	0.00625832
6.6	0.2532776	0.12993176	0.20790458	0.00649913
6.7	0.25327618	0.12993071	0.20790319	0.00658641
6.8	0.25327503	0.12992968	0.20790177	0.00663863
6.9	0.25327417	0.1299287	0.20790034	0.00661992
7	0.25327359	0.12992777	0.20789889	0.00648985
7.1	0.25327329	0.12992688	0.20789745	0.00644241
7.2	0.25327327	0.12992605	0.20789601	0.00636351
7.3	0.25327352	0.12992528	0.20789458	0.0066168
7.4	0.25327404	0.12992458	0.20789318	0.00636048
7.5	0.25327483	0.12992394	0.20789181	0.00642019
7.6	0.25327586	0.12992336	0.20789048	0.00663054
7.7	0.25327715	0.12992286	0.2078892	0.00624941
7.8	0.25327867	0.12992243	0.20788796	0.00628446
7.9	0.25328041	0.12992208	0.20788678	0.00640631
8	0.25328236	0.1299218	0.20788567	0.00630065
8.1	0.2532845	0.1299216	0.20788463	0.0063047
8.2	0.25328683	0.12992147	0.20788366	0.00644176
8.3	0.25328932	0.12992141	0.20788277	0.00656536
8.4	0.25329196	0.12992144	0.20788196	0.00649943
8.5	0.25329473	0.12992153	0.20788124	0.00640219
8.6	0.25329761	0.1299217	0.2078806	0.00631972
8.7	0.25330059	0.12992194	0.20788006	0.006644
8.8	0.25330364	0.12992224	0.20787961	0.00657949
8.9	0.25330676	0.12992261	0.20787925	0.00658631
9	0.25330991	0.12992304	0.20787899	0.00646688
9.1	0.25331309	0.12992353	0.20787883	0.00674863
9.2	0.25331627	0.12992407	0.20787876	0.00649633
9.3	0.25331944	0.12992467	0.20787878	0.00674425
9.4	0.25332257	0.12992531	0.2078789	0.00624848
9.5	0.25332566	0.129926	0.2078791	0.00631186
9.6	0.25332868	0.12992672	0.20787939	0.00625579
9.7	0.25333161	0.12992748	0.20787977	0.00637883
9.8	0.25333445	0.12992826	0.20788023	0.00641792
9.9	0.25333718	0.12992907	0.20788077	0.00673332
10	0.25333978	0.1299299	0.20788138	0.00627768
10.1	0.25334223	0.12993074	0.20788206	0.00668119
10.2	0.25334454	0.12993159	0.2078828	0.00628501
10.3	0.25334669	0.12993245	0.20788361	0.00654993
10.4	0.25334866	0.1299333	0.20788446	0.00665021
10.5	0.25335046	0.12993415	0.20788537	0.00651574
10.6	0.25335206	0.12993499	0.20788632	0.0062414
10.7	0.25335347	0.12993582	0.2078873	0.00629525
10.8	0.25335468	0.12993662	0.20788832	0.00657058
10.9	0.25335568	0.1299374	0.20788935	0.00628935
11	0.25335648	0.12993815	0.20789041	0.00629131
11.1	0.25335707	0.12993887	0.20789148	0.00660507
11.2	0.25335745	0.12993956	0.20789255	0.00645626
11.3	0.25335762	0.1299402	0.20789362	0.00643015
11.4	0.25335759	0.12994081	0.20789469	0.00656335
11.5	0.25335735	0.12994137	0.20789574	0.0066983
11.6	0.25335691	0.12994188	0.20789678	0.00643322
11.7	0.25335628	0.12994235	0.20789779	0.00675587
11.8	0.25335547	0.12994276	0.20789877	0.00626032
11.9	0.25335447	0.12994312	0.20789972	0.00658714
12	0.2533533	0.12994342	0.20790062	0.00652288
12.1	0.25335197	0.12994367	0.20790148	0.00639173
12.2	0.25335048	0.12994386	0.2079023	0.00644567
12.3	0.25334886	0.129944	0.20790306	0.00673189
12.4	0.2533471	0.12994408	0.20790377	0.00625451
12.5	0.25334522	0.12994411	0.20790441	0.00639526
12.6	0.25334324	0.12994408	0.207905	0.0064824
12.7	0.25334116	0.12994399	0.20790552	0.00663991
12.8	0.253339	0.12994386	0.20790597	0.00656344
12.9	0.25333677	0.12994367	0.20790636	0.00643373
13	0.25333449	0.12994343	0.20790667	0.0062373
13.1	0.25333217	0.12994314	0.20790692	0.00665146
13.2	0.25332982	0.12994281	0.2079071	0.00627494
13.3	0.25332746	0.12994244	0.2079072	0.00672497
13.4	0.2533251	0.12994203	0.20790724	0.00675643
13.5	0.25332275	0.12994157	0.2079072	0.00659679
13.6	0.25332043	0.12994109	0.2079071	0.00675175
13.7	0.25331816	0.12994057	0.20790693	0.00640841
13.8	0.25331593	0.12994003	0.2079067	0.00663329
13.9	0.25331377	0.12993946	0.2079064	0.00654164
14	0.25331168	0.12993887	0.20790605	0.00628498
14.1	0.25330968	0.12993827	0.20790563	0.00663328
14.2	0.25330777	0.12993765	0.20790517	0.00646212
14.3	0.25330597	0.12993702	0.20790465	0.00635934
14.4	0.25330429	0.12993639	0.20790409	0.00631741
14.5	0.25330272	0.12993576	0.20790348	0.0066072
14.6	0.25330129	0.12993512	0.20790283	0.00657776
14.7	0.2533	0.12993449	0.20790215	0.00668253
14.8	0.25329884	0.12993387	0.20790144	0.00659599
14.9	0.25329783	0.12993327	0.20790071	0.00628463
15	0.25329697	0.12993267	0.20789995	0.00625165
15.1	0.25329626	0.1299321	0.20789917	0.00634888
15.2	0.25329571	0.12993155	0.20789839	0.00633994
15.3	0.25329531	0.12993102	0.20789759	0.00673217
15.4	0.25329506	0.12993051	0.20789679	0.0066326
15.5	0.25329498	0.12993004	0.207896	0.00662478
15.6	0.25329504	0.1299296	0.20789521	0.0063879
15.7	0.25329525	0.12992919	0.20789443	0.00645235
15.8	0.25329561	0.12992882	0.20789367	0.00630587
15.9	0.25329611	0.12992849	0.20789292	0.00634194
16	0.25329675	0.12992819	0.2078922	0.00673605
16.1	0.25329753	0.12992793	0.2078915	0.00672732
16.2	0.25329843	0.12992772	0.20789084	0.00624708
16.3	0.25329944	0.12992754	0.20789021	0.00648167
16.4	0.25330057	0.12992741	0.20788961	0.00658031
16.5	0.25330181	0.12992732	0.20788906	0.00626806
16.6	0.25330313	0.12992727	0.20788854	0.00674282
16.7	0.25330455	0.12992726	0.20788807	0.00671767
16.8	0.25330604	0.12992729	0.20788765	0.00666623
16.9	0.2533076	0.12992736	0.20788728	0.00674085
17	0.25330921	0.12992748	0.20788695	0.00675272
17.1	0.25331088	0.12992762	0.20788668	0.00667008
17.2	0.25331258	0.12992781	0.20788646	0.0067023
17.3	0.25331431	0.12992803	0.20788629	0.00653378
17.4	0.25331606	0.12992828	0.20788617	0.0064102
17.5	0.25331781	0.12992857	0.2078861	0.00627027
17.6	0.25331956	0.12992888	0.20788609	0.00667078
17.7	0.2533213	0.12992923	0.20788613	0.00660827
17.8	0.25332301	0.12992959	0.20788622	0.00644058
17.9	0.2533247	0.12992998	0.20788635	0.00649031
18	0.25332634	0.12993039	0.20788654	0.00654537
18.1	0.25332793	0.12993081	0.20788677	0.00651314
18.2	0.25332947	0.12993125	0.20788705	0.00668814
18.3	0.25333094	0.12993171	0.20788736	0.00633097
18.4	0.25333233	0.12993217	0.20788772	0.00668878
18.5	0.25333365	0.12993263	0.20788811	0.00628579
18.6	0.25333488	0.1299331	0.20788854	0.00630081
18.7	0.25333601	0.12993358	0.207889	0.00661184
18.8	0.25333705	0.12993405	0.20788948	0.00675253
18.9	0.25333799	0.12993451	0.20788999	0.00654507
19	0.25333882	0.12993497	0.20789053	0.0066599
19.1	0.25333954	0.12993542	0.20789108	0.00651795
19.2	0.25334016	0.12993585	0.20789164	0.0065863
19.3	0.25334065	0.12993628	0.20789222	0.00658412
19.4	0.25334104	0.12993668	0.20789281	0.00654547
19.5	0.2533413	0.12993707	0.2078934	0.00650002
19.6	0.25334146	0.12993744	0.20789399	0.0066546
19.7	0.25334149	0.12993778	0.20789458	0.0064754
19.8	0.25334142	0.12993811	0.20789516	0.00667115
19.9	0.25334123	0.1299384	0.20789574	0.00653581
20	0.25334094	0.12993867	0.2078963	0.00646542
20.1	0.25334054	0.12993891	0.20789685	0.0064347
20.2	0.25334004	0.12993913	0.20789738	0.00625767
20.3	0.25333944	0.12993931	0.20789789	0.00652837
20.4	0.25333875	0.12993946	0.20789838	0.00649972
20.5	0.25333798	0.12993958	0.20789884	0.00653281
20.6	0.25333712	0.12993968	0.20789928	0.00669537
20.7	0.25333619	0.12993974	0.20789968	0.00624259
20.8	0.25333518	0.12993977	0.20790006	0.00642108
20.9	0.25333412	0.12993976	0.2079004	0.00646226
21	0.253333	0.12993973	0.2079007	0.00636505
21.1	0.25333183	0.12993967	0.20790097	0.00627856
21.2	0.25333062	0.12993958	0.2079012	0.00652046
21.3	0.25332938	0.12993946	0.2079014	0.00632348
21.4	0.25332811	0.12993932	0.20790155	0.00646991
21.5	0.25332682	0.12993915	0.20790167	0.00640247
21.6	0.25332552	0.12993896	0.20790175	0.00668018
21.7	0.25332422	0.12993874	0.20790179	0.00652292
21.8	0.25332292	0.1299385	0.20790179	0.00628655
21.9	0.25332163	0.12993824	0.20790175	0.00632177
22	0.25332036	0.12993797	0.20790167	0.0065073
22.1	0.25331912	0.12993767	0.20790156	0.00641024
22.2	0.25331791	0.12993737	0.20790142	0.00645384
22.3	0.25331674	0.12993705	0.20790124	0.0066184
22.4	0.25331561	0.12993672	0.20790103	0.00629632
22.5	0.25331453	0.12993638	0.20790078	0.00668527
22.6	0.25331351	0.12993604	0.20790051	0.00648326
22.7	0.25331255	0.12993569	0.20790021	0.0063965
22.8	0.25331165	0.12993534	0.20789989	0.00672364
22.9	0.25331083	0.12993499	0.20789955	0.00648161
23	0.25331007	0.12993464	0.20789918	0.00647299
23.1	0.2533094	0.1299343	0.2078988	0.00639315
23.2	0.2533088	0.12993396	0.2078984	0.00644571
23.3	0.25330828	0.12993363	0.20789798	0.0063841
23.4	0.25330785	0.12993331	0.20789756	0.00660988
23.5	0.2533075	0.129933	0.20789713	0.00671423
23.6	0.25330724	0.1299327	0.2078967	0.00641217
23.7	0.25330706	0.12993241	0.20789626	0.00650202
23.8	0.25330697	0.12993214	0.20789582	0.00640849
23.9	0.25330696	0.12993189	0.20789538	0.00646826
24	0.25330704	0.12993166	0.20789495	0.00636558
24.1	0.2533072	0.12993144	0.20789452	0.00631012
24.2	0.25330743	0.12993125	0.20789411	0.00672434
24.3	0.25330775	0.12993107	0.2078937	0.00625188
24.4	0.25330814	0.12993092	0.20789331	0.00659424
24.5	0.2533086	0.12993079	0.20789293	0.00665124
24.6	0.25330913	0.12993068	0.20789258	0.00671291
24.7	0.25330972	0.1299306	0.20789224	0.00656435
24.8	0.25331037	0.12993054	0.20789192	0.00674424
24.9	0.25331108	0.1299305	0.20789163	0.00641721
25	0.25331183	0.12993048	0.20789135	0.00670575
25.1	0.25331263	0.12993049	0.20789111	0.00636665
25.2	0.25331348	0.12993052	0.20789089	0.00673317
25.3	0.25331435	0.12993057	0.2078907	0.00648652
25.4	0.25331526	0.12993064	0.20789053	0.00645188
25.5	0.25331618	0.12993073	0.20789039	0.00655866
25.6	0.25331713	0.12993084	0.20789029	0.00644311
25.7	0.25331809	0.12993097	0.20789021	0.0063304
25.8	0.25331906	0.12993112	0.20789016	0.00675051
25.9	0.25332002	0.12993129	0.20789013	0.00625275
26	0.25332098	0.12993147	0.20789014	0.00645491
26.1	0.25332194	0.12993166	0.20789018	0.00671082
26.2	0.25332287	0.12993187	0.20789024	0.00632311
26.3	0.25332379	0.12993209	0.20789033	0.00627778
26.4	0.25332468	0.12993232	0.20789044	0.00632427
26.5	0.25332555	0.12993256	0.20789058	0.00663275
26.6	0.25332638	0.1299328	0.20789074	0.00639014
26.7	0.25332717	0.12993306	0.20789093	0.00633612
26.8	0.25332791	0.12993331	0.20789114	0.0063816
26.9	0.25332862	0.12993357	0.20789136	0.00631435
27	0.25332927	0.12993383	0.20789161	0.0065912
27.1	0.25332987	0.12993409	0.20789187	0.00672597
27.2	0.25333041	0.12993435	0.20789214	0.00661121
27.3	0.2533309	0.1299346	0.20789243	0.00655757
27.4	0.25333133	0.12993485	0.20789273	0.0067097
27.5	0.2533317	0.1299351	0.20789304	0.00672981
27.6	0.253332	0.12993534	0.20789335	0.00634009
27.7	0.25333225	0.12993556	0.20789367	0.00653232
27.8	0.25333243	0.12993578	0.207894	0.0064233
27.9	0.25333254	0.12993599	0.20789432	0.00660925
28	0.2533326	0.12993619	0.20789465	0.00652001
28.1	0.25333259	0.12993637	0.20789497	0.00669938
28.2	0.25333251	0.12993654	0.20789529	0.00671117
28.3	0.25333238	0.1299367	0.20789561	0.00647911
28.4	0.25333219	0.12993684	0.20789591	0.00651947
28.5	0.25333194	0.12993696	0.20789621	0.00671373
28.6	0.25333164	0.12993707	0.2078965	0.00645479
28.7	0.25333129	0.12993717	0.20789678	0.0066785
28.8	0.25333088	0.12993724	0.20789704	0.00638579
28.9	0.25333043	0.1299373	0.20789729	0.00667392
29	0.25332994	0.12993734	0.20789752	0.00658528
29.1	0.2533294	0.12993737	0.20789773	0.00643614
29.2	0.25332883	0.12993738	0.20789793	0.00644516
29.3	0.25332823	0.12993737	0.20789811	0.00644803
29.4	0.2533276	0.12993734	0.20789826	0.00649469
29.5	0.25332694	0.1299373	0.2078984	0.00650363
29.6	0.25332627	0.12993724	0.20789852	0.00644653
29.7	0.25332557	0.12993717	0.20789862	0.00658542
29.8	0.25332487	0.12993708	0.20789869	0.00624982
29.9	0.25332416	0.12993698	0.20789874	0.0064629
30	0.25332344	0.12993687	0.20789878	0.00672325
30.1	0.25332272	0.12993674	0.20789879	0.00653556
30.2	0.25332201	0.12993661	0.20789878	0.00635871
30.3	0.2533213	0.12993646	0.20789875	0.00629601
30.4	0.25332061	0.1299363	0.2078987	0.00664287
30.5	0.25331993	0.12993614	0.20789863	0.00636321
30.6	0.25331928	0.12993597	0.20789854	0.00656079
30.7	0.25331864	0.12993579	0.20789843	0.00644813
30.8	0.25331803	0.1299356	0.2078983	0.00640862
30.9	0.25331745	0.12993542	0.20789816	0.00628539
31	0.25331691	0.12993523	0.207898	0.00662753
31.1	0.25331639	0.12993503	0.20789783	0.00668701
31.2	0.25331592	0.12993484	0.20789765	0.00633674
31.3	0.25331548	0.12993465	0.20789745	0.00664959
31.4	0.25331509	0.12993446	0.20789725	0.00629562
31.5	0.25331474	0.12993427	0.20789703	0.00638969
31.6	0.25331443	0.12993408	0.20789681	0.00672766
31.7	0.25331417	0.1299339	0.20789658	0.00637438
31.8	0.25331395	0.12993373	0.20789634	0.00632343
31.9	0.25331378	0.12993356	0.2078961	0.00629854
32	0.25331366	0.1299334	0.20789586	0.00658686
32.1	0.25331359	0.12993325	0.20789562	0.00627766
32.2	0.25331356	0.1299331	0.20789538	0.00669891
32.3	0.25331358	0.12993297	0.20789514	0.00669751
32.4	0.25331364	0.12993285	0.2078949	0.0062699
32.5	0.25331375	0.12993273	0.20789467	0.00656597
32.6	0.2533139	0.12993263	0.20789444	0.0062618
32.7	0.2533141	0.12993254	0.20789422	0.00635065
32.8	0.25331433	0.12993246	0.20789401	0.00663966
32.9	0.25331461	0.1299324	0.20789381	0.00648883
33	0.25331491	0.12993234	0.20789362	0.00665689
33.1	0.25331526	0.1299323	0.20789343	0.00666324
33.2	0.25331563	0.12993227	0.20789327	0.00662322
33.3	0.25331603	0.12993226	0.20789311	0.00641637
33.4	0.25331646	0.12993226	0.20789297	0.0066151
33.5	0.25331692	0.12993227	0.20789284	0.0064893
33.6	0.25331739	0.12993229	0.20789272	0.00628323
33.7	0.25331788	0.12993232	0.20789263	0.00627183
33.8	0.25331839	0.12993237	0.20789254	0.00645684
33.9	0.2533189	0.12993242	0.20789247	0.00632822
34	0.25331943	0.12993249	0.20789242	0.00663397
34.1	0.25331996	0.12993257	0.20789239	0.00624053
34.2	0.25332049	0.12993265	0.20789237	0.00657888
34.3	0.25332103	0.12993275	0.20789236	0.00641951
34.4	0.25332155	0.12993285	0.20789237	0.00648293
34.5	0.25332208	0.12993296	0.2078924	0.00629348
34.6	0.25332259	0.12993308	0.20789244	0.00660662
34.7	0.25332309	0.12993321	0.2078925	0.00637703
34.8	0.25332357	0.12993334	0.20789257	0.00673366
34.9	0.25332404	0.12993347	0.20789265	0.00668737
35	0.25332448	0.12993361	0.20789275	0.00655434
35.1	0.25332491	0.12993375	0.20789286	0.00666683
35.2	0.25332531	0.12993389	0.20789297	0.00642468
35.3	0.25332568	0.12993403	0.2078931	0.00637656
35.4	0.25332603	0.12993417	0.20789324	0.00656107
35.5	0.25332634	0.12993432	0.20789339	0.00633759
35.6	0.25332663	0.12993446	0.20789355	0.0064006
35.7	0.25332688	0.1299346	0.20789371	0.00632433
35.8	0.2533271	0.12993473	0.20789388	0.00632366
35.9	0.25332729	0.12993487	0.20789405	0.00660601
36	0.25332744	0.129935	0.20789422	0.00630483
36.1	0.25332756	0.12993512	0.2078944	0.00653355
36.2	0.25332764	0.12993524	0.20789458	0.00649501
36.3	0.25332768	0.12993535	0.20789476	0.00662745
36.4	0.2533277	0.12993545	0.20789494	0.00673338
36.5	0.25332767	0.12993555	0.20789512	0.00654937
36.6	0.25332762	0.12993564	0.20789529	0.00647669
36.7	0.25332753	0.12993572	0.20789546	0.00637441
36.8	0.25332741	0.1299358	0.20789563	0.00625927
36.9	0.25332726	0.12993586	0.20789579	0.00657954
37	0.25332707	0.12993592	0.20789595	0.00665129
37.1	0.25332687	0.12993596	0.2078961	0.00628413
37.2	0.25332663	0.129936	0.20789624	0.00649753
37.3	0.25332637	0.12993603	0.20789637	0.00652838
37.4	0.25332609	0.12993605	0.20789649	0.00637169
37.5	0.25332578	0.12993606	0.20789661	0.00655995
37.6	0.25332546	0.12993606	0.20789671	0.00632753
37.7	0.25332512	0.12993605	0.2078968	0.00634789
37.8	0.25332476	0.12993603	0.20789688	0.00633713
37.9	0.2533244	0.129936	0.20789695	0.00654724
38	0.25332402	0.12993597	0.20789701	0.00642532
38.1	0.25332363	0.12993592	0.20789706	0.006373
38.2	0.25332324	0.12993587	0.2078971	0.00660531
38.3	0.25332285	0.12993581	0.20789712	0.00649067
38.4	0.25332245	0.12993575	0.20789713	0.0064094
38.5	0.25332206	0.12993567	0.20789713	0.00635134
38.6	0.25332166	0.12993559	0.20789712	0.00655339
38.7	0.25332128	0.12993551	0.2078971	0.00663299
38.8	0.2533209	0.12993542	0.20789706	0.00674744
38.9	0.25332053	0.12993533	0.20789702	0.0062424
39	0.25332018	0.12993523	0.20789697	0.0063998
39.1	0.25331983	0.12993513	0.2078969	0.00624428
39.2	0.25331951	0.12993503	0.20789683	0.00628468
39.3	0.2533192	0.12993493	0.20789675	0.00651188
39.4	0.2533189	0.12993482	0.20789666	0.00638151
39.5	0.25331863	0.12993471	0.20789656	0.00646468
39.6	0.25331838	0.12993461	0.20789645	0.00635382
39.7	0.25331815	0.1299345	0.20789634	0.00669781
39.8	0.25331794	0.1299344	0.20789622	0.0066237
39.9	0.25331776	0.12993429	0.2078961	0.00644852
40	0.25331761	0.12993419	0.20789598	0.00659198
40.1	0.25331747	0.12993409	0.20789585	0.00639611
40.2	0.25331737	0.129934	0.20789572	0.00631185
40.3	0.25331729	0.12993391	0.20789559	0.00626543
40.4	0.25331723	0.12993382	0.20789545	0.0066543
40.5	0.2533172	0.12993374	0.20789532	0.00639246
40.6	0.2533172	0.12993366	0.20789519	0.00628947
40.7	0.25331723	0.12993359	0.20789506	0.00658826
40.8	0.25331727	0.12993353	0.20789493	0.00646787
40.9	0.25331734	0.12993347	0.2078948	0.00660673
41	0.25331744	0.12993342	0.20789468	0.00659179
41.1	0.25331756	0.12993337	0.20789456	0.00649709
41.2	0.2533177	0.12993333	0.20789444	0.00624511
41.3	0.25331786	0.1299333	0.20789433	0.00642029
41.4	0.25331804	0.12993327	0.20789423	0.00641177
41.5	0.25331824	0.12993325	0.20789413	0.00668502
41.6	0.25331845	0.12993324	0.20789405	0.00639849
41.7	0.25331868	0.12993324	0.20789396	0.00667223
41.8	0.25331892	0.12993324	0.20789389	0.00673067
41.9	0.25331918	0.12993325	0.20789382	0.00653333
42	0.25331945	0.12993326	0.20789376	0.00654473
42.1	0.25331972	0.12993328	0.20789371	0.00664614
42.2	0.25332	0.12993331	0.20789367	0.00630747
42.3	0.25332029	0.12993334	0.20789364	0.006726
42.4	0.25332058	0.12993338	0.20789361	0.00659378
42.5	0.25332087	0.12993343	0.2078936	0.00674793
42.6	0.25332117	0.12993348	0.20789359	0.00652978
42.7	0.25332146	0.12993353	0.20789359	0.00637395
42.8	0.25332175	0.12993359	0.2078936	0.00657039
42.9	0.25332204	0.12993366	0.20789362	0.00649139
43	0.25332231	0.12993372	0.20789365	0.00624062
43.1	0.25332259	0.12993379	0.20789368	0.00646865
43.2	0.25332285	0.12993387	0.20789373	0.00646199
43.3	0.2533231	0.12993394	0.20789378	0.00653807
43.4	0.25332334	0.12993402	0.20789383	0.00636247
43.5	0.25332357	0.12993409	0.20789389	0.00646282
43.6	0.25332378	0.12993417	0.20789396	0.00643614
43.7	0.25332398	0.12993425	0.20789404	0.00657062
43.8	0.25332416	0.12993433	0.20789412	0.0062638
43.9	0.25332433	0.12993441	0.2078942	0.00630108
44	0.25332448	0.12993449	0.20789429	0.00666051
44.1	0.25332461	0.12993456	0.20789438	0.00673048
44.2	0.25332472	0.12993464	0.20789447	0.00665148
44.3	0.25332481	0.12993471	0.20789457	0.00643659
44.4	0.25332489	0.12993478	0.20789467	0.00636541
44.5	0.25332494	0.12993485	0.20789476	0.00669662
44.6	0.25332498	0.12993491	0.20789486	0.00672897
44.7	0.25332499	0.12993497	0.20789496	0.00642017
44.8	0.25332499	0.12993502	0.20789506	0.00639848
44.9	0.25332497	0.12993508	0.20789516	0.00666674
45	0.25332493	0.12993512	0.20789525	0.00661328
45.1	0.25332487	0.12993517	0.20789535	0.00643996
45.2	0.25332479	0.12993521	0.20789544	0.00643942
45.3	0.2533247	0.12993524	0.20789552	0.00662173
45.4	0.2533246	0.12993527	0.20789561	0.00645577
45.5	0.25332447	0.12993529	0.20789569	0.00656135
45.6	0.25332434	0.12993531	0.20789576	0.00671939
45.7	0.25332419	0.12993532	0.20789583	0.00633393
45.8	0.25332402	0.12993533	0.2078959	0.00672595
45.9	0.25332385	0.12993533	0.20789596	0.00665251
46	0.25332367	0.12993533	0.20789601	0.00633777
46.1	0.25332348	0.12993532	0.20789606	0.00670493
46.2	0.25332328	0.12993531	0.2078961	0.0067263
46.3	0.25332307	0.12993529	0.20789614	0.00634764
46.4	0.25332286	0.12993527	0.20789617	0.00647735
46.5	0.25332265	0.12993524	0.20789619	0.00660633
46.6	0.25332243	0.12993521	0.20789621	0.00665884
46.7	0.25332221	0.12993518	0.20789622	0.00652093
46.8	0.25332199	0.12993514	0.20789622	0.00652758
46.9	0.25332178	0.1299351	0.20789622	0.00659511
47	0.25332156	0.12993505	0.20789621	0.0064298
47.1	0.25332135	0.12993501	0.20789619	0.00646556
47.2	0.25332115	0.12993496	0.20789617	0.00640351
47.3	0.25332095	0.1299349	0.20789614	0.00651393
47.4	0.25332075	0.12993485	0.20789611	0.00647512
47.5	0.25332057	0.12993479	0.20789607	0.00662971
47.6	0.25332039	0.12993474	0.20789603	0.00634419
47.7	0.25332023	0.12993468	0.20789598	0.00658398
47.8	0.25332007	0.12993462	0.20789593	0.00642333
47.9	0.25331993	0.12993456	0.20789588	0.00660766
48	0.25331979	0.1299345	0.20789582	0.00655563
48.1	0.25331967	0.12993444	0.20789575	0.00669655
48.2	0.25331957	0.12993439	0.20789569	0.00649755
48.3	0.25331947	0.12993433	0.20789562	0.00663426
48.4	0.25331939	0.12993428	0.20789555	0.00659392
48.5	0.25331933	0.12993422	0.20789548	0.00668404
48.6	0.25331928	0.12993417	0.20789541	0.00675106
48.7	0.25331924	0.12993412	0.20789533	0.00633356
48.8	0.25331922	0.12993408	0.20789526	0.00674399
48.9	0.25331921	0.12993403	0.20789518	0.00629331
49	0.25331921	0.12993399	0.20789511	0.00656921
49.1	0.25331923	0.12993395	0.20789504	0.00631126
49.2	0.25331927	0.12993392	0.20789497	0.00665458
49.3	0.25331931	0.12993389	0.2078949	0.00663304
49.4	0.25331937	0.12993386	0.20789483	0.00670481
49.5	0.25331944	0.12993384	0.20789477	0.00649399
49.6	0.25331952	0.12993382	0.20789471	0.00645093
49.7	0.25331962	0.1299338	0.20789465	0.00631012
49.8	0.25331972	0.12993379	0.20789459	0.00643133
49.9	0.25331984	0.12993378	0.20789454	0.00629146
50	0.25331996	0.12993378	0.2078945	0.00649765
50.1	0.25332009	0.12993377	0.20789445	0.00635126
50.2	0.25332023	0.12993378	0.20789441	0.00671217
50.3	0.25332037	0.12993378	0.20789438	0.00624164
50.4	0.25332052	0.12993379	0.20789435	0.00642215
50.5	0.25332067	0.12993381	0.20789432	0.00624553
50.6	0.25332083	0.12993383	0.2078943	0.0065018
50.7	0.25332099	0.12993385	0.20789429	0.00660769
50.8	0.25332115	0.12993387	0.20789428	0.0063639
50.9	0.25332131	0.1299339	0.20789427	0.00640244
51	0.25332147	0.12993392	0.20789427	0.00674611
51.1	0.25332164	0.12993396	0.20789427	0.00662241
51.2	0.25332179	0.12993399	0.20789428	0.00666112
51.3	0.25332195	0.12993403	0.20789429	0.00639339
51.4	0.2533221	0.12993406	0.20789431	0.00643889
51.5	0.25332225	0.1299341	0.20789433	0.00650244
51.6	0.25332239	0.12993414	0.20789436	0.00661933
51.7	0.25332253	0.12993418	0.20789439	0.00670061
51.8	0.25332265	0.12993423	0.20789442	0.00645756
51.9	0.25332278	0.12993427	0.20789445	0.00628063
52	0.25332289	0.12993431	0.20789449	0.00652159
52.1	0.25332299	0.12993436	0.20789454	0.0066918
52.2	0.25332309	0.1299344	0.20789458	0.00624427
52.3	0.25332318	0.12993444	0.20789463	0.00666995
52.4	0.25332325	0.12993449	0.20789468	0.00638289
52.5	0.25332332	0.12993453	0.20789473	0.00651549
52.6	0.25332338	0.12993457	0.20789478	0.00665313
52.7	0.25332342	0.12993461	0.20789483	0.00662578
52.8	0.25332346	0.12993464	0.20789489	0.00626353
52.9	0.25332349	0.12993468	0.20789494	0.00635829
53	0.2533235	0.12993471	0.207895	0.00664635
53.1	0.2533235	0.12993475	0.20789505	0.0064433
53.2	0.2533235	0.12993478	0.2078951	0.00667166
53.3	0.25332348	0.1299348	0.20789516	0.00661465
53.4	0.25332345	0.12993483	0.20789521	0.00658061
53.5	0.25332342	0.12993485	0.20789526	0.00641074
53.6	0.25332337	0.12993487	0.20789531	0.00666504
53.7	0.25332331	0.12993489	0.20789536	0.00630875
53.8	0.25332325	0.1299349	0.2078954	0.00666099
53.9	0.25332318	0.12993491	0.20789545	0.00670328
54	0.2533231	0.12993492	0.20789549	0.00649326
54.1	0.25332301	0.12993493	0.20789552	0.00624827
54.2	0.25332292	0.12993493	0.20789556	0.00624191
54.3	0.25332282	0.12993493	0.20789559	0.00627917
54.4	0.25332272	0.12993493	0.20789562	0.00674174
54.5	0.25332261	0.12993492	0.20789564	0.00664366
54.6	0.2533225	0.12993491	0.20789566	0.00630791
54.7	0.25332239	0.1299349	0.20789568	0.00671227
54.8	0.25332227	0.12993489	0.2078957	0.00658008
54.9	0.25332215	0.12993487	0.20789571	0.00658837
55	0.25332203	0.12993486	0.20789571	0.0065846
55.1	0.25332191	0.12993484	0.20789572	0.00674219
55.2	0.25332179	0.12993481	0.20789572	0.00631907
55.3	0.25332167	0.12993479	0.20789571	0.00640333
55.4	0.25332155	0.12993476	0.20789571	0.00643212
55.5	0.25332144	0.12993474	0.2078957	0.00628091
55.6	0.25332133	0.12993471	0.20789568	0.00634423
55.7	0.25332122	0.12993468	0.20789567	0.00662851
55.8	0.25332111	0.12993465	0.20789565	0.00632933
55.9	0.25332102	0.12993462	0.20789563	0.00669602
56	0.25332092	0.12993459	0.2078956	0.00624204
56.1	0.25332083	0.12993455	0.20789557	0.00646902
56.2	0.25332075	0.12993452	0.20789554	0.00672888
56.3	0.25332067	0.12993449	0.20789551	0.00652564
56.4	0.2533206	0.12993446	0.20789548	0.00673098
56.5	0.25332054	0.12993443	0.20789544	0.0067522
56.6	0.25332049	0.12993439	0.20789541	0.00666473
56.7	0.25332044	0.12993436	0.20789537	0.0066757
56.8	0.2533204	0.12993433	0.20789533	0.0063763
56.9	0.25332036	0.12993431	0.20789529	0.0066824
57	0.25332034	0.12993428	0.20789525	0.00663256
57.1	0.25332032	0.12993425	0.20789521	0.00631215
57.2	0.25332032	0.12993423	0.20789517	0.00663306
57.3	0.25332031	0.1299342	0.20789513	0.00630197
57.4	0.25332032	0.12993418	0.20789509	0.00645922
57.5	0.25332034	0.12993416	0.20789505	0.00629585
57.6	0.25332036	0.12993414	0.20789501	0.00648582
57.7	0.25332039	0.12993413	0.20789497	0.00665595
57.8	0.25332042	0.12993411	0.20789494	0.00639862
57.9	0.25332046	0.1299341	0.2078949	0.00650252
58	0.25332051	0.12993409	0.20789487	0.00660771
58.1	0.25332057	0.12993408	0.20789484	0.00625132
58.2	0.25332063	0.12993408	0.20789481	0.00667906
58.3	0.25332069	0.12993407	0.20789478	0.00643035
58.4	0.25332076	0.12993407	0.20789475	0.00634951
58.5	0.25332084	0.12993407	0.20789473	0.00656093
58.6	0.25332091	0.12993408	0.20789471	0.00646561
58.7	0.253321	0.12993408	0.20789469	0.00624193
58.8	0.25332108	0.12993409	0.20789468	0.00638009
58.9	0.25332116	0.1299341	0.20789467	0.00641607
59	0.25332125	0.12993411	0.20789466	0.00658792
59.1	0.25332134	0.12993412	0.20789465	0.00644872
59.2	0.25332143	0.12993413	0.20789464	0.00649102
59.3	0.25332152	0.12993415	0.20789464	0.00644867
59.4	0.25332161	0.12993416	0.20789464	0.00666597
59.5	0.2533217	0.12993418	0.20789465	0.00625536
59.6	0.25332178	0.1299342	0.20789465	0.00625043
59.7	0.25332187	0.12993422	0.20789466	0.00667132
59.8	0.25332195	0.12993424	0.20789467	0.006356
59.9	0.25332203	0.12993426	0.20789468	0.00632049
60	0.25332211	0.12993429	0.2078947	0.00652537
60.1	0.25332218	0.12993431	0.20789471	0.00633333
60.2	0.25332225	0.12993433	0.20789473	0.00665616
60.3	0.25332231	0.12993436	0.20789475	0.00647451
60.4	0.25332237	0.12993438	0.20789478	0.00624628
60.5	0.25332243	0.12993441	0.2078948	0.00663491
60.6	0.25332248	0.12993443	0.20789483	0.00673948
60.7	0.25332252	0.12993445	0.20789485	0.00671621
60.8	0.25332256	0.12993448	0.20789488	0.00666077
60.9	0.2533226	0.1299345	0.20789491	0.00629026
61	0.25332263	0.12993452	0.20789494	0.00660638
61.1	0.25332265	0.12993454	0.20789497	0.00664217
61.2	0.25332267	0.12993456	0.207895	0.00671407
61.3	0.25332268	0.12993458	0.20789503	0.0067114
61.4	0.25332268	0.1299346	0.20789506	0.00657671
61.5	0.25332268	0.12993462	0.20789509	0.00671292
61.6	0.25332267	0.12993463	0.20789512	0.00654649
61.7	0.25332266	0.12993465	0.20789515	0.00637938
61.8	0.25332264	0.12993466	0.20789517	0.00645197
61.9	0.25332262	0.12993467	0.2078952	0.00630152
62	0.25332259	0.12993468	0.20789523	0.00663674
62.1	0.25332256	0.12993469	0.20789525	0.00625278
62.2	0.25332252	0.1299347	0.20789528	0.00673443
62.3	0.25332248	0.1299347	0.2078953	0.0065898
62.4	0.25332244	0.12993471	0.20789532	0.0065735
62.5	0.25332239	0.12993471	0.20789534	0.00666908
62.6	0.25332234	0.12993471	0.20789536	0.00664725
62.7	0.25332228	0.12993471	0.20789538	0.00667641
62.8	0.25332222	0.12993471	0.20789539	0.0067089
62.9	0.25332216	0.1299347	0.2078954	0.00639874
63	0.2533221	0.1299347	0.20789542	0.00640483
63.1	0.25332203	0.12993469	0.20789542	0.00650253
63.2	0.25332197	0.12993468	0.20789543	0.00648624
63.3	0.2533219	0.12993467	0.20789544	0.0064324
63.4	0.25332184	0.12993466	0.20789544	0.00643056
63.5	0.25332177	0.12993465	0.20789544	0.00657204
63.6	0.2533217	0.12993464	0.20789544	0.00657227
63.7	0.25332164	0.12993462	0.20789544	0.00627437
63.8	0.25332158	0.12993461	0.20789543	0.0065162
63.9	0.25332151	0.1299346	0.20789543	0.00624778
64	0.25332145	0.12993458	0.20789542	0.00652619
64.1	0.25332139	0.12993456	0.20789541	0.00669389
64.2	0.25332134	0.12993455	0.2078954	0.00673229
64.3	0.25332128	0.12993453	0.20789538	0.00626329
64.4	0.25332123	0.12993451	0.20789537	0.00646197
64.5	0.25332119	0.12993449	0.20789535	0.00647078
64.6	0.25332114	0.12993448	0.20789534	0.00651053
64.7	0.2533211	0.12993446	0.20789532	0.00659588
64.8	0.25332107	0.12993444	0.2078953	0.0067485
64.9	0.25332103	0.12993442	0.20789528	0.00649096
65	0.253321	0.12993441	0.20789526	0.00640542
65.1	0.25332098	0.12993439	0.20789524	0.00658721
65.2	0.25332096	0.12993437	0.20789522	0.00670068
65.3	0.25332094	0.12993436	0.20789519	0.00664585
65.4	0.25332093	0.12993434	0.20789517	0.0065479
65.5	0.25332093	0.12993433	0.20789515	0.00646833
65.6	0.25332092	0.12993431	0.20789513	0.00638833
65.7	0.25332093	0.1299343	0.2078951	0.00670271
65.8	0.25332093	0.12993429	0.20789508	0.00655439
65.9	0.25332094	0.12993428	0.20789506	0.0066386
66	0.25332096	0.12993427	0.20789504	0.00661605
66.1	0.25332097	0.12993426	0.20789502	0.00633261
66.2	0.25332099	0.12993426	0.207895	0.00664636
66.3	0.25332102	0.12993425	0.20789498	0.00670873
66.4	0.25332105	0.12993424	0.20789496	0.00637032
66.5	0.25332108	0.12993424	0.20789495	0.00639898
66.6	0.25332111	0.12993424	0.20789493	0.0062657
66.7	0.25332115	0.12993424	0.20789492	0.00656856
66.8	0.25332119	0.12993424	0.2078949	0.00650229
66.9	0.25332123	0.12993424	0.20789489	0.00662448
67	0.25332128	0.12993424	0.20789488	0.00638685
67.1	0.25332132	0.12993424	0.20789487	0.00636547
67.2	0.25332137	0.12993425	0.20789486	0.00674725
67.3	0.25332142	0.12993425	0.20789486	0.00646833
67.4	0.25332146	0.12993426	0.20789485	0.00654591
67.5	0.25332151	0.12993426	0.20789485	0.00630875
67.6	0.25332156	0.12993427	0.20789485	0.00628119
67.7	0.25332161	0.12993428	0.20789485	0.00653212
67.8	0.25332166	0.12993429	0.20789485	0.00654584
67.9	0.25332171	0.1299343	0.20789485	0.00632846
68	0.25332176	0.12993431	0.20789485	0.00646112
68.1	0.2533218	0.12993432	0.20789486	0.00651812
68.2	0.25332185	0.12993434	0.20789487	0.00651391
68.3	0.25332189	0.12993435	0.20789487	0.00646972
68.4	0.25332193	0.12993436	0.20789488	0.00644383
68.5	0.25332197	0.12993437	0.20789489	0.00656091
68.6	0.25332201	0.12993439	0.2078949	0.00675378
68.7	0.25332204	0.1299344	0.20789492	0.00625697
68.8	0.25332207	0.12993441	0.20789493	0.0064441
68.9	0.2533221	0.12993443	0.20789494	0.00650448
69	0.25332213	0.12993444	0.20789496	0.00635894
69.1	0.25332215	0.12993445	0.20789497	0.00652492
69.2	0.25332217	0.12993446	0.20789499	0.00625601
69.3	0.25332219	0.12993448	0.207895	0.00626018
69.4	0.2533222	0.12993449	0.20789502	0.00666915
69.5	0.25332222	0.1299345	0.20789504	0.00645
69.6	0.25332222	0.12993451	0.20789505	0.00647123
69.7	0.25332223	0.12993452	0.20789507	0.00638465
69.8	0.25332223	0.12993453	0.20789509	0.00656423
69.9	0.25332223	0.12993454	0.2078951	0.00635027
70	0.25332222	0.12993455	0.20789512	0.00651675
70.1	0.25332221	0.12993456	0.20789513	0.00666347
70.2	0.2533222	0.12993456	0.20789515	0.00630511
70.3	0.25332219	0.12993457	0.20789516	0.0066305
70.4	0.25332217	0.12993457	0.20789518	0.00654991
70.5	0.25332215	0.12993458	0.20789519	0.00655175
70.6	0.25332213	0.12993458	0.2078952	0.00643206
70.7	0.25332211	0.12993458	0.20789522	0.00663041
70.8	0.25332208	0.12993459	0.20789523	0.00654305
70.9	0.25332205	0.12993459	0.20789524	0.00630609
71	0.25332202	0.12993459	0.20789525	0.00667443
71.1	0.25332199	0.12993459	0.20789526	0.00669475
71.2	0.25332196	0.12993458	0.20789526	0.00644974
71.3	0.25332192	0.12993458	0.20789527	0.00631596
71.4	0.25332189	0.12993458	0.20789528	0.0063477
71.5	0.25332185	0.12993457	0.20789528	0.00667898
71.6	0.25332182	0.12993457	0.20789528	0.00656062
71.7	0.25332178	0.12993456	0.20789529	0.00630531
71.8	0.25332175	0.12993456	0.20789529	0.00672531
71.9	0.25332171	0.12993455	0.20789529	0.00666493
72	0.25332167	0.12993454	0.20789529	0.00642973
72.1	0.25332164	0.12993454	0.20789528	0.00670059
72.2	0.2533216	0.12993453	0.20789528	0.00656559
72.3	0.25332157	0.12993452	0.20789528	0.00635421
72.4	0.25332154	0.12993451	0.20789527	0.00628301
72.5	0.2533215	0.1299345	0.20789527	0.00640897
72.6	0.25332147	0.12993449	0.20789526	0.00629217
72.7	0.25332144	0.12993448	0.20789525	0.00646744
72.8	0.25332142	0.12993447	0.20789524	0.00664032
72.9	0.25332139	0.12993446	0.20789523	0.00659594
73	0.25332137	0.12993445	0.20789523	0.0064587
73.1	0.25332135	0.12993444	0.20789522	0.00631794
73.2	0.25332133	0.12993443	0.2078952	0.00637832
73.3	0.25332131	0.12993442	0.20789519	0.00624783
73.4	0.2533213	0.12993442	0.20789518	0.00656311
73.5	0.25332129	0.12993441	0.20789517	0.00671979
73.6	0.25332128	0.1299344	0.20789516	0.00633739
73.7	0.25332127	0.12993439	0.20789515	0.00657154
73.8	0.25332126	0.12993438	0.20789513	0.00643773
73.9	0.25332126	0.12993437	0.20789512	0.00652612
74	0.25332126	0.12993437	0.20789511	0.00657286
74.1	0.25332126	0.12993436	0.2078951	0.00668833
74.2	0.25332127	0.12993435	0.20789508	0.00648612
74.3	0.25332127	0.12993435	0.20789507	0.00655341
74.4	0.25332128	0.12993434	0.20789506	0.00675009
74.5	0.25332129	0.12993434	0.20789505	0.00647045
74.6	0.25332131	0.12993434	0.20789504	0.00663113
74.7	0.25332132	0.12993433	0.20789503	0.00646941
74.8	0.25332134	0.12993433	0.20789502	0.00658461
74.9	0.25332136	0.12993433	0.20789501	0.0065513
75	0.25332137	0.12993433	0.207895	0.00627503
75.1	0.2533214	0.12993433	0.207895	0.00661657
75.2	0.25332142	0.12993433	0.20789499	0.00657557
75.3	0.25332144	0.12993433	0.20789498	0.00636339
75.4	0.25332147	0.12993433	0.20789498	0.00624296
75.5	0.25332149	0.12993433	0.20789497	0.00643132
75.6	0.25332152	0.12993433	0.20789497	0.00654709
75.7	0.25332154	0.12993434	0.20789497	0.00631004
75.8	0.25332157	0.12993434	0.20789496	0.00641581
75.9	0.2533216	0.12993434	0.20789496	0.00643025
76	0.25332163	0.12993435	0.20789496	0.00641214
76.1	0.25332165	0.12993435	0.20789496	0.00669531
76.2	0.25332168	0.12993436	0.20789496	0.0062473
76.3	0.25332171	0.12993437	0.20789496	0.00673462
76.4	0.25332173	0.12993437	0.20789497	0.0066427
76.5	0.25332176	0.12993438	0.20789497	0.00654671
76.6	0.25332178	0.12993438	0.20789497	0.00624465
76.7	0.2533218	0.12993439	0.20789498	0.00651629
76.8	0.25332183	0.1299344	0.20789498	0.00626471
76.9	0.25332185	0.12993441	0.20789499	0.00625804
77	0.25332187	0.12993441	0.207895	0.00633909
77.1	0.25332189	0.12993442	0.207895	0.00658802
77.2	0.2533219	0.12993443	0.20789501	0.00672254
77.3	0.25332192	0.12993443	0.20789502	0.00638936
77.4	0.25332193	0.12993444	0.20789503	0.00633972
77.5	0.25332194	0.12993445	0.20789503	0.00668351
77.6	0.25332195	0.12993446	0.20789504	0.00665207
77.7	0.25332196	0.12993446	0.20789505	0.00642282
77.8	0.25332197	0.12993447	0.20789506	0.00625821
77.9	0.25332197	0.12993448	0.20789507	0.00654813
78	0.25332198	0.12993448	0.20789508	0.00638931
78.1	0.25332198	0.12993449	0.20789509	0.00628627
78.2	0.25332198	0.12993449	0.2078951	0.00626809
78.3	0.25332198	0.1299345	0.20789511	0.00657506
78.4	0.25332197	0.1299345	0.20789511	0.00628821
78.5	0.25332197	0.1299345	0.20789512	0.00662002
78.6	0.25332196	0.12993451	0.20789513	0.00643334
78.7	0.25332195	0.12993451	0.20789514	0.00657327
78.8	0.25332194	0.12993451	0.20789515	0.00668796
78.9	0.25332193	0.12993452	0.20789515	0.00666199
79	0.25332192	0.12993452	0.20789516	0.00667392
79.1	0.25332191	0.12993452	0.20789517	0.00633035
79.2	0.25332189	0.12993452	0.20789517	0.00645461
79.3	0.25332187	0.12993452	0.20789518	0.00637209
79.4	0.25332186	0.12993452	0.20789518	0.00654279
79.5	0.25332184	0.12993452	0.20789519	0.00647144
79.6	0.25332182	0.12993452	0.20789519	0.00629104
79.7	0.2533218	0.12993452	0.2078952	0.00667641
79.8	0.25332178	0.12993451	0.2078952	0.00636767
79.9	0.25332176	0.12993451	0.2078952	0.00671734
80	0.25332174	0.12993451	0.2078952	0.00645428
80.1	0.25332172	0.12993451	0.2078952	0.0063779
80.2	0.2533217	0.1299345	0.2078952	0.0063496
80.3	0.25332168	0.1299345	0.2078952	0.00630665
80.4	0.25332166	0.12993449	0.2078952	0.00670031
80.5	0.25332164	0.12993449	0.2078952	0.00667414
80.6	0.25332162	0.12993449	0.2078952	0.00643654
80.7	0.25332161	0.12993448	0.2078952	0.00643179
80.8	0.25332159	0.12993448	0.20789519	0.00624264
80.9	0.25332157	0.12993447	0.20789519	0.00651307
81	0.25332155	0.12993447	0.20789519	0.00673032
81.1	0.25332154	0.12993446	0.20789518	0.00664262
81.2	0.25332153	0.12993445	0.20789518	0.00645625
81.3	0.25332151	0.12993445	0.20789517	0.0064448
81.4	0.2533215	0.12993444	0.20789517	0.00658858
81.5	0.25332149	0.12993444	0.20789516	0.0064769
81.6	0.25332148	0.12993443	0.20789515	0.00659513
81.7	0.25332147	0.12993443	0.20789515	0.00633955
81.8	0.25332146	0.12993442	0.20789514	0.00673962
81.9	0.25332146	0.12993442	0.20789514	0.00663998
82	0.25332145	0.12993441	0.20789513	0.00675464
82.1	0.25332145	0.12993441	0.20789512	0.00644015
82.2	0.25332145	0.1299344	0.20789511	0.00637711
82.3	0.25332145	0.1299344	0.20789511	0.00652954
82.4	0.25332145	0.1299344	0.2078951	0.00645355
82.5	0.25332145	0.12993439	0.20789509	0.00638321
82.6	0.25332145	0.12993439	0.20789509	0.00645596
82.7	0.25332145	0.12993439	0.20789508	0.00652666
82.8	0.25332146	0.12993438	0.20789508	0.00667274
82.9	0.25332147	0.12993438	0.20789507	0.00657222
83	0.25332147	0.12993438	0.20789506	0.00651771
83.1	0.25332148	0.12993438	0.20789506	0.00672085
83.2	0.25332149	0.12993438	0.20789505	0.00669094
83.3	0.2533215	0.12993438	0.20789505	0.00638723
83.4	0.25332151	0.12993438	0.20789504	0.00666171
83.5	0.25332153	0.12993438	0.20789504	0.00672376
83.6	0.25332154	0.12993438	0.20789504	0.00633299
83.7	0.25332155	0.12993438	0.20789503	0.00674144
83.8	0.25332157	0.12993438	0.20789503	0.00636221
83.9	0.25332158	0.12993438	0.20789503	0.00640843
84	0.25332159	0.12993438	0.20789503	0.00623873
84.1	0.25332161	0.12993438	0.20789503	0.00651553
84.2	0.25332162	0.12993439	0.20789502	0.00626059
84.3	0.25332164	0.12993439	0.20789502	0.00658005
84.4	0.25332165	0.12993439	0.20789502	0.00624875
84.5	0.25332167	0.12993439	0.20789502	0.00638463
84.6	0.25332168	0.1299344	0.20789502	0.00648069
84.7	0.2533217	0.1299344	0.20789503	0.0065065
84.8	0.25332171	0.1299344	0.20789503	0.00642109
84.9	0.25332173	0.12993441	0.20789503	0.00629557
85	0.25332174	0.12993441	0.20789503	0.00670434
85.1	0.25332175	0.12993441	0.20789503	0.00645274
85.2	0.25332176	0.12993442	0.20789504	0.00642356
85.3	0.25332177	0.12993442	0.20789504	0.00668608
85.4	0.25332178	0.12993443	0.20789504	0.00648562
85.5	0.25332179	0.12993443	0.20789505	0.00654079
85.6	0.2533218	0.12993443	0.20789505	0.00648092
85.7	0.25332181	0.12993444	0.20789506	0.00639319
85.8	0.25332182	0.12993444	0.20789506	0.00664582
85.9	0.25332182	0.12993445	0.20789507	0.00672078
86	0.25332183	0.12993445	0.20789507	0.0065976
86.1	0.25332183	0.12993445	0.20789508	0.00651331
86.2	0.25332184	0.12993446	0.20789508	0.00625061
86.3	0.25332184	0.12993446	0.20789509	0.00643486
86.4	0.25332184	0.12993446	0.20789509	0.00666162
86.5	0.25332184	0.12993447	0.2078951	0.00671883
86.6	0.25332184	0.12993447	0.2078951	0.00665293
86.7	0.25332184	0.12993447	0.20789511	0.00633671
86.8	0.25332184	0.12993447	0.20789511	0.00645913
86.9	0.25332183	0.12993448	0.20789511	0.00652145
87	0.25332183	0.12993448	0.20789512	0.00624942
87.1	0.25332182	0.12993448	0.20789512	0.00640481
87.2	0.25332182	0.12993448	0.20789513	0.00643753
87.3	0.25332181	0.12993448	0.20789513	0.00628559
87.4	0.2533218	0.12993448	0.20789514	0.00661286
87.5	0.2533218	0.12993448	0.20789514	0.00647655
87.6	0.25332179	0.12993448	0.20789514	0.00657806
87.7	0.25332178	0.12993448	0.20789515	0.00656362
87.8	0.25332177	0.12993448	0.20789515	0.0065383
87.9	0.25332176	0.12993448	0.20789515	0.00648698
88	0.25332175	0.12993448	0.20789515	0.0064721
88.1	0.25332174	0.12993448	0.20789515	0.00647268
88.2	0.25332173	0.12993448	0.20789516	0.00666353
88.3	0.25332172	0.12993448	0.20789516	0.00627086
88.4	0.25332171	0.12993448	0.20789516	0.00670839
88.5	0.25332169	0.12993447	0.20789516	0.00643993
88.6	0.25332168	0.12993447	0.20789516	0.00638251
88.7	0.25332167	0.12993447	0.20789516	0.00661814
88.8	0.25332166	0.12993447	0.20789516	0.00634832
88.9	0.25332165	0.12993447	0.20789516	0.00655849
89	0.25332164	0.12993446	0.20789515	0.00659534
89.1	0.25332163	0.12993446	0.20789515	0.00662129
89.2	0.25332162	0.12993446	0.20789515	0.00665733
89.3	0.25332161	0.12993445	0.20789515	0.00661419
89.4	0.2533216	0.12993445	0.20789515	0.00675419
89.5	0.2533216	0.12993445	0.20789514	0.00666398
89.6	0.25332159	0.12993445	0.20789514	0.00656818
89.7	0.25332158	0.12993444	0.20789514	0.00656565
89.8	0.25332157	0.12993444	0.20789514	0.00657236
89.9	0.25332157	0.12993444	0.20789513	0.00660645
90	0.25332156	0.12993443	0.20789513	0.00668718
90.1	0.25332156	0.12993443	0.20789512	0.00648687
90.2	0.25332155	0.12993443	0.20789512	0.00651675
90.3	0.25332155	0.12993443	0.20789512	0.00627716
90.4	0.25332155	0.12993442	0.20789511	0.00635875
90.5	0.25332155	0.12993442	0.20789511	0.00628364
90.6	0.25332155	0.12993442	0.20789511	0.00640079
90.7	0.25332155	0.12993442	0.2078951	0.00633473
90.8	0.25332155	0.12993441	0.2078951	0.00675636
90.9	0.25332155	0.12993441	0.2078951	0.00641188
91	0.25332155	0.12993441	0.20789509	0.00630227
91.1	0.25332155	0.12993441	0.20789509	0.00651339
91.2	0.25332156	0.12993441	0.20789509	0.00630175
91.3	0.25332156	0.12993441	0.20789508	0.00640711
91.4	0.25332157	0.12993441	0.20789508	0.00632422
91.5	0.25332157	0.1299344	0.20789508	0.00625218
91.6	0.25332158	0.1299344	0.20789507	0.00654679
91.7	0.25332158	0.1299344	0.20789507	0.00672587
91.8	0.25332159	0.1299344	0.20789507	0.00668741
91.9	0.2533216	0.1299344	0.20789507	0.00668201
92	0.2533216	0.1299344	0.20789506	0.00665907
92.1	0.25332161	0.1299344	0.20789506	0.00660623
92.2	0.25332162	0.12993441	0.20789506	0.00670375
92.3	0.25332163	0.12993441	0.20789506	0.00626677
92.4	0.25332163	0.12993441	0.20789506	0.00647918
92.5	0.25332164	0.12993441	0.20789506	0.00634506
92.6	0.25332165	0.12993441	0.20789506	0.00669379
92.7	0.25332166	0.12993441	0.20789506	0.00669809
92.8	0.25332167	0.12993441	0.20789506	0.00649651
92.9	0.25332167	0.12993441	0.20789506	0.00647132
93	0.25332168	0.12993442	0.20789506	0.00671446
93.1	0.25332169	0.12993442	0.20789506	0.00624602
93.2	0.2533217	0.12993442	0.20789506	0.00668593
93.3	0.25332171	0.12993442	0.20789506	0.00643445
93.4	0.25332171	0.12993442	0.20789506	0.00675593
93.5	0.25332172	0.12993443	0.20789506	0.00675184
93.6	0.25332173	0.12993443	0.20789507	0.00638267
93.7	0.25332173	0.12993443	0.20789507	0.00642272
93.8	0.25332174	0.12993443	0.20789507	0.0062542
93.9	0.25332174	0.12993443	0.20789507	0.00635792
94	0.25332175	0.12993444	0.20789507	0.00666381
94.1	0.25332175	0.12993444	0.20789508	0.00650005
94.2	0.25332175	0.12993444	0.20789508	0.00652228
94.3	0.25332176	0.12993444	0.20789508	0.0063442
94.4	0.25332176	0.12993445	0.20789509	0.00648672
94.5	0.25332176	0.12993445	0.20789509	0.00624903
94.6	0.25332176	0.12993445	0.20789509	0.00669966
94.7	0.25332177	0.12993445	0.20789509	0.00670605
94.8	0.25332177	0.12993445	0.2078951	0.00636548
94.9	0.25332177	0.12993445	0.2078951	0.00626451
95	0.25332177	0.12993446	0.2078951	0.00653446
95.1	0.25332176	0.12993446	0.2078951	0.00653831
95.2	0.25332176	0.12993446	0.20789511	0.00638371
95.3	0.25332176	0.12993446	0.20789511	0.00649464
95.4	0.25332176	0.12993446	0.20789511	0.00628536
95.5	0.25332175	0.12993446	0.20789511	0.00627677
95.6	0.25332175	0.12993446	0.20789512	0.0065635
95.7	0.25332175	0.12993446	0.20789512	0.00624351
95.8	0.25332174	0.12993446	0.20789512	0.00639797
95.9	0.25332174	0.12993446	0.20789512	0.00668589
96	0.25332173	0.12993446	0.20789512	0.00663172
96.1	0.25332173	0.12993446	0.20789513	0.00663379
96.2	0.25332172	0.12993446	0.20789513	0.00636972
96.3	0.25332172	0.12993446	0.20789513	0.00657167
96.4	0.25332171	0.12993446	0.20789513	0.00644701
96.5	0.25332171	0.12993446	0.20789513	0.00636983
96.6	0.2533217	0.12993446	0.20789513	0.00646195
96.7	0.25332169	0.12993446	0.20789513	0.00654309
96.8	0.25332169	0.12993446	0.20789513	0.00649113
96.9	0.25332168	0.12993446	0.20789513	0.00675616
97	0.25332168	0.12993446	0.20789513	0.00661221
97.1	0.25332167	0.12993445	0.20789513	0.00655243
97.2	0.25332166	0.12993445	0.20789513	0.00668939
97.3	0.25332166	0.12993445	0.20789513	0.00643038
97.4	0.25332165	0.12993445	0.20789513	0.00672127
97.5	0.25332165	0.12993445	0.20789513	0.00659421
97.6	0.25332164	0.12993445	0.20789513	0.00632164
97.7	0.25332164	0.12993445	0.20789513	0.00666342
97.8	0.25332163	0.12993444	0.20789513	0.00650301
97.9	0.25332163	0.12993444	0.20789512	0.00639125
98	0.25332162	0.12993444	0.20789512	0.00650002
98.1	0.25332162	0.12993444	0.20789512	0.00674212
98.2	0.25332162	0.12993444	0.20789512	0.00639166
98.3	0.25332161	0.12993444	0.20789512	0.00647697
98.4	0.25332161	0.12993443	0.20789511	0.00653671
98.5	0.25332161	0.12993443	0.20789511	0.00650182
98.6	0.25332161	0.12993443	0.20789511	0.00658284
98.7	0.25332161	0.12993443	0.20789511	0.00650635
98.8	0.2533216	0.12993443	0.20789511	0.00658317
98.9	0.2533216	0.12993443	0.2078951	0.00631329
99	0.2533216	0.12993443	0.2078951	0.00640745
99.1	0.2533216	0.12993443	0.2078951	0.00658141
99.2	0.2533216	0.12993442	0.2078951	0.00670898
99.3	0.25332161	0.12993442	0.2078951	0.00643004
99.4	0.25332161	0.12993442	0.20789509	0.00663187
99.5	0.25332161	0.12993442	0.20789509	0.00640983
99.6	0.25332161	0.12993442	0.20789509	0.00637961
99.7	0.25332161	0.12993442	0.20789509	0.00638429
99.8	0.25332161	0.12993442	0.20789509	0.00673576
99.9	0.25332162	0.12993442	0.20789509	0.00664067
100	0.25332162	0.12993442	0.20789508	0.00635761
100.1	0.25332162	0.12993442	0.20789508	0.00658807
100.2	0.25332163	0.12993442	0.20789508	0.00640563
100.3	0.25332163	0.12993442	0.20789508	0.00629996
100.4	0.25332164	0.12993442	0.20789508	0.00655135
100.5	0.25332164	0.12993442	0.20789508	0.00665107
100.6	0.25332164	0.12993442	0.20789508	0.00673676
100.7	0.25332165	0.12993442	0.20789508	0.00634389
100.8	0.25332165	0.12993442	0.20789508	0.00665203
100.9	0.25332166	0.12993442	0.20789508	0.0063836
101	0.25332166	0.12993442	0.20789508	0.0064367
101.1	0.25332167	0.12993442	0.20789508	0.00659317
101.2	0.25332167	0.12993442	0.20789508	0.00644134
101.3	0.25332168	0.12993443	0.20789508	0.00628075
101.4	0.25332168	0.12993443	0.20789508	0.0062411
101.5	0.25332168	0.12993443	0.20789508	0.00671
101.6	0.25332169	0.12993443	0.20789508	0.00658174
101.7	0.25332169	0.12993443	0.20789508	0.00646798
101.8	0.2533217	0.12993443	0.20789508	0.00645072
101.9	0.2533217	0.12993443	0.20789508	0.00662967
102	0.2533217	0.12993443	0.20789508	0.00665287
102.1	0.25332171	0.12993443	0.20789508	0.00625305
102.2	0.25332171	0.12993444	0.20789508	0.00633682
102.3	0.25332171	0.12993444	0.20789509	0.00665643
102.4	0.25332171	0.12993444	0.20789509	0.00632676
102.5	0.25332172	0.12993444	0.20789509	0.00641714
102.6	0.25332172	0.12993444	0.20789509	0.0066719
102.7	0.25332172	0.12993444	0.20789509	0.00661525
102.8	0.25332172	0.12993444	0.20789509	0.00631842
102.9	0.25332172	0.12993444	0.20789509	0.00660672
103	0.25332172	0.12993444	0.2078951	0.00640171
103.1	0.25332172	0.12993445	0.2078951	0.00647358
103.2	0.25332172	0.12993445	0.2078951	0.00667728
103.3	0.25332172	0.12993445	0.2078951	0.00639991
103.4	0.25332172	0.12993445	0.2078951	0.00624793
103.5	0.25332172	0.12993445	0.2078951	0.00639297
103.6	0.25332172	0.12993445	0.2078951	0.0066163
103.7	0.25332172	0.12993445	0.20789511	0.00649088
103.8	0.25332172	0.12993445	0.20789511	0.00658606
103.9	0.25332172	0.12993445	0.20789511	0.00671093
104	0.25332172	0.12993445	0.20789511	0.00643545
104.1	0.25332171	0.12993445	0.20789511	0.00627977
104.2	0.25332171	0.12993445	0.20789511	0.00652409
104.3	0.25332171	0.12993445	0.20789511	0.00660465
104.4	0.25332171	0.12993445	0.20789511	0.00666029
104.5	0.2533217	0.12993445	0.20789511	0.00661131
104.6	0.2533217	0.12993445	0.20789512	0.00657508
104.7	0.2533217	0.12993445	0.20789512	0.00643314
104.8	0.25332169	0.12993445	0.20789512	0.00638361
104.9	0.25332169	0.12993445	0.20789512	0.00631414
105	0.25332169	0.12993445	0.20789512	0.00656413
105.1	0.25332168	0.12993445	0.20789512	0.00642869
105.2	0.25332168	0.12993445	0.20789512	0.00647183
105.3	0.25332168	0.12993445	0.20789512	0.0066046
105.4	0.25332167	0.12993445	0.20789512	0.00660736
105.5	0.25332167	0.12993445	0.20789512	0.00669573
105.6	0.25332167	0.12993445	0.20789512	0.00664996
105.7	0.25332166	0.12993445	0.20789512	0.00643844
105.8	0.25332166	0.12993444	0.20789512	0.00623867
105.9	0.25332166	0.12993444	0.20789512	0.006606
106	0.25332165	0.12993444	0.20789512	0.00670798
106.1	0.25332165	0.12993444	0.20789511	0.00639685
106.2	0.25332165	0.12993444	0.20789511	0.00624964
106.3	0.25332165	0.12993444	0.20789511	0.00650427
106.4	0.25332164	0.12993444	0.20789511	0.0063015
106.5	0.25332164	0.12993444	0.20789511	0.00646582
106.6	0.25332164	0.12993444	0.20789511	0.00635394
106.7	0.25332164	0.12993444	0.20789511	0.00675241
106.8	0.25332164	0.12993444	0.20789511	0.00636647
106.9	0.25332164	0.12993443	0.20789511	0.00667613
107	0.25332164	0.12993443	0.20789511	0.00638043
107.1	0.25332164	0.12993443	0.2078951	0.00667615
107.2	0.25332163	0.12993443	0.2078951	0.00671131
107.3	0.25332163	0.12993443	0.2078951	0.00667339
107.4	0.25332163	0.12993443	0.2078951	0.00648535
107.5	0.25332163	0.12993443	0.2078951	0.00634045
107.6	0.25332164	0.12993443	0.2078951	0.00670776
107.7	0.25332164	0.12993443	0.2078951	0.00647084
107.8	0.25332164	0.12993443	0.2078951	0.00643831
107.9	0.25332164	0.12993443	0.2078951	0.00626333
108	0.25332164	0.12993443	0.20789509	0.00646281
108.1	0.25332164	0.12993443	0.20789509	0.00640061
108.2	0.25332164	0.12993443	0.20789509	0.00657069
108.3	0.25332164	0.12993443	0.20789509	0.00656847
108.4	0.25332165	0.12993443	0.20789509	0.00631121
108.5	0.25332165	0.12993443	0.20789509	0.00655862
108.6	0.25332165	0.12993443	0.20789509	0.00640999
108.7	0.25332165	0.12993443	0.20789509	0.00663946
108.8	0.25332165	0.12993443	0.20789509	0.00633182
108.9	0.25332166	0.12993443	0.20789509	0.00660921
109	0.25332166	0.12993443	0.20789509	0.00650336
109.1	0.25332166	0.12993443	0.20789509	0.00665824
109.2	0.25332166	0.12993443	0.20789509	0.00633415
109.3	0.25332167	0.12993443	0.20789509	0.00632348
109.4	0.25332167	0.12993443	0.20789509	0.00670472
109.5	0.25332167	0.12993443	0.20789509	0.00624144
109.6	0.25332167	0.12993443	0.20789509	0.00640394
109.7	0.25332168	0.12993443	0.20789509	0.00633203
109.8	0.25332168	0.12993443	0.20789509	0.0066438
109.9	0.25332168	0.12993443	0.20789509	0.00628556
110	0.25332168	0.12993443	0.20789509	0.0062539
110.1	0.25332168	0.12993443	0.20789509	0.00659696
110.2	0.25332169	0.12993443	0.20789509	0.00644295
110.3	0.25332169	0.12993443	0.20789509	0.00642408
110.4	0.25332169	0.12993444	0.20789509	0.00629428
110.5	0.25332169	0.12993444	0.20789509	0.00626904
110.6	0.25332169	0.12993444	0.20789509	0.00655326
110.7	0.2533217	0.12993444	0.20789509	0.00638463
110.8	0.2533217	0.12993444	0.20789509	0.00644634
110.9	0.2533217	0.12993444	0.20789509	0.00648626
111	0.2533217	0.12993444	0.20789509	0.00652919
111.1	0.2533217	0.12993444	0.2078951	0.00658179
111.2	0.2533217	0.12993444	0.2078951	0.00671607
111.3	0.2533217	0.12993444	0.2078951	0.00630478
111.4	0.2533217	0.12993444	0.2078951	0.00649425
111.5	0.2533217	0.12993444	0.2078951	0.00672114
111.6	0.2533217	0.12993444	0.2078951	0.00652276
111.7	0.2533217	0.12993444	0.2078951	0.00673489
111.8	0.2533217	0.12993444	0.2078951	0.00675368
111.9	0.2533217	0.12993444	0.2078951	0.00643596
112	0.2533217	0.12993444	0.2078951	0.0066918
112.1	0.2533217	0.12993444	0.2078951	0.0063763
112.2	0.2533217	0.12993444	0.2078951	0.00652721
112.3	0.2533217	0.12993444	0.20789511	0.00629331
112.4	0.2533217	0.12993445	0.20789511	0.00673442
112.5	0.25332169	0.12993445	0.20789511	0.00674887
112.6	0.25332169	0.12993445	0.20789511	0.00656985
112.7	0.25332169	0.12993445	0.20789511	0.00645348
112.8	0.25332169	0.12993445	0.20789511	0.00651381
112.9	0.25332169	0.12993445	0.20789511	0.00628594
113	0.25332169	0.12993445	0.20789511	0.00646477
113.1	0.25332168	0.12993444	0.20789511	0.0064094
113.2	0.25332168	0.12993444	0.20789511	0.0066244
113.3	0.25332168	0.12993444	0.20789511	0.00647805
113.4	0.25332168	0.12993444	0.20789511	0.00653256
113.5	0.25332168	0.12993444	0.20789511	0.00630863
113.6	0.25332168	0.12993444	0.20789511	0.0065311
113.7	0.25332167	0.12993444	0.20789511	0.0065569
113.8	0.25332167	0.12993444	0.20789511	0.00642205
113.9	0.25332167	0.12993444	0.20789511	0.0065629
114	0.25332167	0.12993444	0.20789511	0.00629868
114.1	0.25332167	0.12993444	0.20789511	0.00656983
114.2	0.25332166	0.12993444	0.20789511	0.00658859
114.3	0.25332166	0.12993444	0.20789511	0.00624995
114.4	0.25332166	0.12993444	0.20789511	0.00629743
114.5	0.25332166	0.12993444	0.20789511	0.00647169
114.6	0.25332166	0.12993444	0.20789511	0.00663761
114.7	0.25332166	0.12993444	0.20789511	0.00647386
114.8	0.25332166	0.12993444	0.20789511	0.00647607
114.9	0.25332166	0.12993444	0.20789511	0.0063261
115	0.25332165	0.12993444	0.20789511	0.00644884
115.1	0.25332165	0.12993444	0.2078951	0.00657157
115.2	0.25332165	0.12993444	0.2078951	0.00664188
115.3	0.25332165	0.12993444	0.2078951	0.00654556
115.4	0.25332165	0.12993444	0.2078951	0.00671403
115.5	0.25332165	0.12993443	0.2078951	0.00656175
115.6	0.25332165	0.12993443	0.2078951	0.00642235
115.7	0.25332165	0.12993443	0.2078951	0.00658008
115.8	0.25332165	0.12993443	0.2078951	0.00647321
115.9	0.25332165	0.12993443	0.2078951	0.00633341
116	0.25332165	0.12993443	0.2078951	0.00659766
116.1	0.25332165	0.12993443	0.2078951	0.00674964
116.2	0.25332165	0.12993443	0.2078951	0.00642428
116.3	0.25332165	0.12993443	0.2078951	0.00627862
116.4	0.25332165	0.12993443	0.2078951	0.00652485
116.5	0.25332166	0.12993443	0.2078951	0.00643116
116.6	0.25332166	0.12993443	0.2078951	0.00638022
116.7	0.25332166	0.12993443	0.2078951	0.00641278
116.8	0.25332166	0.12993443	0.2078951	0.00651636
116.9	0.25332166	0.12993443	0.20789509	0.00629136
117	0.25332166	0.12993443	0.20789509	0.00628873
117.1	0.25332166	0.12993443	0.20789509	0.00662321
117.2	0.25332166	0.12993443	0.20789509	0.00626166
117.3	0.25332166	0.12993443	0.20789509	0.00658444
117.4	0.25332167	0.12993443	0.20789509	0.00644265
117.5	0.25332167	0.12993443	0.20789509	0.0066376
117.6	0.25332167	0.12993443	0.20789509	0.00652895
117.7	0.25332167	0.12993443	0.20789509	0.00644407
117.8	0.25332167	0.12993443	0.20789509	0.00644201
117.9	0.25332167	0.12993443	0.20789509	0.00629953
118	0.25332167	0.12993443	0.20789509	0.00628982
118.1	0.25332168	0.12993443	0.20789509	0.00639222
118.2	0.25332168	0.12993443	0.20789509	0.00635408
118.3	0.25332168	0.12993443	0.20789509	0.00647886
118.4	0.25332168	0.12993444	0.20789509	0.00633481
118.5	0.25332168	0.12993444	0.20789509	0.00637151
118.6	0.25332168	0.12993444	0.20789509	0.00642548
118.7	0.25332168	0.12993444	0.20789509	0.00671446
118.8	0.25332168	0.12993444	0.2078951	0.00652363
118.9	0.25332168	0.12993444	0.2078951	0.00663498
119	0.25332168	0.12993444	0.2078951	0.00668041
119.1	0.25332169	0.12993444	0.2078951	0.00626959
119.2	0.25332169	0.12993444	0.2078951	0.00667918
119.3	0.25332169	0.12993444	0.2078951	0.00671058
119.4	0.25332169	0.12993444	0.2078951	0.0062616
119.5	0.25332169	0.12993444	0.2078951	0.00632834
119.6	0.25332169	0.12993444	0.2078951	0.00673032
119.7	0.25332169	0.12993444	0.2078951	0.00650366
119.8	0.25332169	0.12993444	0.2078951	0.00674483
119.9	0.25332169	0.12993444	0.2078951	0.00641135
120	0.25332169	0.12993444	0.2078951	0.00655036
120.1	0.25332169	0.12993444	0.2078951	0.00629369
120.2	0.25332169	0.12993444	0.2078951	0.00650508
120.3	0.25332169	0.12993444	0.2078951	0.00673447
120.4	0.25332169	0.12993444	0.2078951	0.0066789
120.5	0.25332169	0.12993444	0.2078951	0.00669557
120.6	0.25332169	0.12993444	0.2078951	0.00630914
120.7	0.25332169	0.12993444	0.2078951	0.00673618
120.8	0.25332168	0.12993444	0.2078951	0.00652837
120.9	0.25332168	0.12993444	0.2078951	0.00661888
121	0.25332168	0.12993444	0.2078951	0.0063602
121.1	0.25332168	0.12993444	0.2078951	0.00654597
121.2	0.25332168	0.12993444	0.2078951	0.00652477
121.3	0.25332168	0.12993444	0.2078951	0.00647307
121.4	0.25332168	0.12993444	0.20789511	0.00640314
121.5	0.25332168	0.12993444	0.20789511	0.00658045
121.6	0.25332168	0.12993444	0.20789511	0.00668075
121.7	0.25332168	0.12993444	0.20789511	0.0065458
121.8	0.25332168	0.12993444	0.20789511	0.00666214
121.9	0.25332167	0.12993444	0.20789511	0.00673144
122	0.25332167	0.12993444	0.20789511	0.00630492
122.1	0.25332167	0.12993444	0.20789511	0.00626576
122.2	0.25332167	0.12993444	0.20789511	0.00670963
122.3	0.25332167	0.12993444	0.20789511	0.00629318
122.4	0.25332167	0.12993444	0.20789511	0.00630702
122.5	0.25332167	0.12993444	0.20789511	0.00627768
122.6	0.25332167	0.12993444	0.2078951	0.00625518
122.7	0.25332167	0.12993444	0.2078951	0.00672613
122.8	0.25332167	0.12993444	0.2078951	0.00659945
122.9	0.25332167	0.12993444	0.2078951	0.00650324
123	0.25332166	0.12993444	0.2078951	0.00671062
123.1	0.25332166	0.12993444	0.2078951	0.00656834
123.2	0.25332166	0.12993444	0.2078951	0.00665096
123.3	0.25332166	0.12993444	0.2078951	0.00628148
123.4	0.25332166	0.12993444	0.2078951	0.00641716
123.5	0.25332166	0.12993444	0.2078951	0.00662052
123.6	0.25332166	0.12993444	0.2078951	0.00648907
123.7	0.25332166	0.12993444	0.2078951	0.00656959
123.8	0.25332166	0.12993444	0.2078951	0.00623749
123.9	0.25332166	0.12993444	0.2078951	0.00665856
124	0.25332166	0.12993444	0.2078951	0.00625435
124.1	0.25332166	0.12993444	0.2078951	0.00633882
124.2	0.25332166	0.12993444	0.2078951	0.00630934
124.3	0.25332166	0.12993444	0.2078951	0.00660914
124.4	0.25332166	0.12993444	0.2078951	0.00639466
124.5	0.25332166	0.12993444	0.2078951	0.00657594
124.6	0.25332166	0.12993443	0.2078951	0.00674798
124.7	0.25332166	0.12993443	0.2078951	0.00630209
124.8	0.25332166	0.12993443	0.2078951	0.0063917
124.9	0.25332166	0.12993443	0.2078951	0.00656453
125	0.25332166	0.12993443	0.2078951	0.00639458
125.1	0.25332166	0.12993443	0.2078951	0.00672774
125.2	0.25332166	0.12993443	0.2078951	0.00675044
125.3	0.25332167	0.12993443	0.2078951	0.00643033
125.4	0.25332167	0.12993443	0.2078951	0.00654612
125.5	0.25332167	0.12993443	0.2078951	0.00636791
125.6	0.25332167	0.12993443	0.2078951	0.00631652
125.7	0.25332167	0.12993443	0.2078951	0.00670152
125.8	0.25332167	0.12993443	0.2078951	0.00672482
125.9	0.25332167	0.12993443	0.2078951	0.00629174
126	0.25332167	0.12993444	0.2078951	0.00631879
126.1	0.25332167	0.12993444	0.2078951	0.00644251
126.2	0.25332167	0.12993444	0.2078951	0.00643697
126.3	0.25332167	0.12993444	0.2078951	0.0064873
126.4	0.25332167	0.12993444	0.2078951	0.00625835
126.5	0.25332167	0.12993444	0.2078951	0.00674948
126.6	0.25332168	0.12993444	0.2078951	0.00656797
126.7	0.25332168	0.12993444	0.2078951	0.00644985
126.8	0.25332168	0.12993444	0.2078951	0.00673652
126.9	0.25332168	0.12993444	0.2078951	0.00670997
127	0.25332168	0.12993444	0.2078951	0.0066013
127.1	0.25332168	0.12993444	0.2078951	0.00633289
127.2	0.25332168	0.12993444	0.2078951	0.00669991
127.3	0.25332168	0.12993444	0.2078951	0.00673184
127.4	0.25332168	0.12993444	0.2078951	0.00664193
127.5	0.25332168	0.12993444	0.2078951	0.00663422
127.6	0.25332168	0.12993444	0.2078951	0.00638517
127.7	0.25332168	0.12993444	0.2078951	0.00648042
127.8	0.25332168	0.12993444	0.2078951	0.00630775
127.9	0.25332168	0.12993444	0.2078951	0.00633333
128	0.25332168	0.12993444	0.2078951	0.00657909
128.1	0.25332168	0.12993444	0.2078951	0.00633126
128.2	0.25332168	0.12993444	0.2078951	0.00642399
128.3	0.25332168	0.12993444	0.2078951	0.00665195
128.4	0.25332168	0.12993444	0.2078951	0.00626825
128.5	0.25332168	0.12993444	0.2078951	0.00630214
128.6	0.25332168	0.12993444	0.2078951	0.00630548
128.7	0.25332168	0.12993444	0.2078951	0.00625323
128.8	0.25332168	0.12993444	0.2078951	0.0064564
128.9	0.25332168	0.12993444	0.2078951	0.00647136
129	0.25332168	0.12993444	0.2078951	0.0064638
129.1	0.25332168	0.12993444	0.2078951	0.00643678
129.2	0.25332168	0.12993444	0.2078951	0.00646171
129.3	0.25332168	0.12993444	0.2078951	0.00628797
129.4	0.25332168	0.12993444	0.2078951	0.00647207
129.5	0.25332168	0.12993444	0.2078951	0.00671808
129.6	0.25332168	0.12993444	0.2078951	0.00640808
129.7	0.25332168	0.12993444	0.2078951	0.00649536
129.8	0.25332168	0.12993444	0.2078951	0.006637
129.9	0.25332168	0.12993444	0.2078951	0.00642948
130	0.25332168	0.12993444	0.2078951	0.00636814
130.1	0.25332167	0.12993444	0.2078951	0.00634634
130.2	0.25332167	0.12993444	0.2078951	0.0062752
130.3	0.25332167	0.12993444	0.2078951	0.00634589
130.4	0.25332167	0.12993444	0.2078951	0.00646393
130.5	0.25332167	0.12993444	0.2078951	0.00667924
130.6	0.25332167	0.12993444	0.2078951	0.00646043
130.7	0.25332167	0.12993444	0.2078951	0.00643688
130.8	0.25332167	0.12993444	0.2078951	0.00639167
130.9	0.25332167	0.12993444	0.2078951	0.0065567
131	0.25332167	0.12993444	0.2078951	0.00662105
131.1	0.25332167	0.12993444	0.2078951	0.00643826
131.2	0.25332167	0.12993444	0.2078951	0.00639817
131.3	0.25332167	0.12993444	0.2078951	0.00667438
131.4	0.25332167	0.12993444	0.2078951	0.00651374
131.5	0.25332167	0.12993444	0.2078951	0.00633638
131.6	0.25332167	0.12993444	0.2078951	0.00647073
131.7	0.25332167	0.12993444	0.2078951	0.00649754
131.8	0.25332167	0.12993444	0.2078951	0.00625467
131.9	0.25332167	0.12993444	0.2078951	0.00672667
132	0.25332167	0.12993444	0.2078951	0.00633056
132.1	0.25332167	0.12993444	0.2078951	0.00636489
132.2	0.25332167	0.12993444	0.2078951	0.00653776
132.3	0.25332167	0.12993444	0.2078951	0.00674192
132.4	0.25332167	0.12993444	0.2078951	0.00665421
132.5	0.25332167	0.12993444	0.2078951	0.0063806
132.6	0.25332167	0.12993444	0.2078951	0.00659913
132.7	0.25332167	0.12993444	0.2078951	0.00629332
132.8	0.25332167	0.12993444	0.2078951	0.00631808
132.9	0.25332167	0.12993444	0.2078951	0.00666471
133	0.25332167	0.12993444	0.2078951	0.00630176
133.1	0.25332167	0.12993444	0.2078951	0.00638851
133.2	0.25332167	0.12993444	0.2078951	0.00674738
133.3	0.25332167	0.12993444	0.2078951	0.00628655
133.4	0.25332167	0.12993444	0.2078951	0.0067491
133.5	0.25332167	0.12993444	0.2078951	0.00631219
133.6	0.25332167	0.12993444	0.2078951	0.00661655
133.7	0.25332167	0.12993444	0.2078951	0.00649684
133.8	0.25332167	0.12993444	0.2078951	0.00628539
133.9	0.25332167	0.12993444	0.2078951	0.00643861
134	0.25332167	0.12993444	0.2078951	0.00666188
134.1	0.25332167	0.12993444	0.2078951	0.00644602
134.2	0.25332167	0.12993444	0.2078951	0.00636369
134.3	0.25332167	0.12993444	0.2078951	0.00644767
134.4	0.25332167	0.12993444	0.2078951	0.0063595
134.5	0.25332167	0.12993444	0.2078951	0.00626715
134.6	0.25332167	0.12993444	0.2078951	0.00664776
134.7	0.25332167	0.12993444	0.2078951	0.00668873
134.8	0.25332167	0.12993444	0.2078951	0.00633244
134.9	0.25332167	0.12993444	0.2078951	0.00670039
135	0.25332167	0.12993444	0.2078951	0.00650733
135.1	0.25332167	0.12993444	0.2078951	0.00631349
135.2	0.25332167	0.12993444	0.2078951	0.00651863
135.3	0.25332168	0.12993444	0.2078951	0.00643572
135.4	0.25332168	0.12993444	0.2078951	0.00637979
135.5	0.25332168	0.12993444	0.2078951	0.00666434
135.6	0.25332168	0.12993444	0.2078951	0.00671695
135.7	0.25332168	0.12993444	0.2078951	0.00646511
135.8	0.25332168	0.12993444	0.2078951	0.00654176
135.9	0.25332168	0.12993444	0.2078951	0.00628558
136	0.25332168	0.12993444	0.2078951	0.00666997
136.1	0.25332168	0.12993444	0.2078951	0.00649834
136.2	0.25332168	0.12993444	0.2078951	0.0062397
136.3	0.25332168	0.12993444	0.2078951	0.00623992
136.4	0.25332168	0.12993444	0.2078951	0.0064365
136.5	0.25332168	0.12993444	0.2078951	0.00648844
136.6	0.25332168	0.12993444	0.2078951	0.00641009
136.7	0.25332168	0.12993444	0.2078951	0.00628354
136.8	0.25332168	0.12993444	0.2078951	0.0062458
136.9	0.25332168	0.12993444	0.2078951	0.00674572
137	0.25332168	0.12993444	0.2078951	0.00667338
137.1	0.25332168	0.12993444	0.2078951	0.0066403
137.2	0.25332168	0.12993444	0.2078951	0.00664447
137.3	0.25332168	0.12993444	0.2078951	0.00628381
137.4	0.25332168	0.12993444	0.2078951	0.00669293
137.5	0.25332168	0.12993444	0.2078951	0.00675072
137.6	0.25332168	0.12993444	0.2078951	0.00639954
137.7	0.25332168	0.12993444	0.2078951	0.00664906
137.8	0.25332168	0.12993444	0.2078951	0.00627052
137.9	0.25332168	0.12993444	0.2078951	0.006477
138	0.25332168	0.12993444	0.2078951	0.00652614
138.1	0.25332167	0.12993444	0.2078951	0.00666935
138.2	0.25332167	0.12993444	0.2078951	0.00663928
138.3	0.25332167	0.12993444	0.2078951	0.00654132
138.4	0.25332167	0.12993444	0.2078951	0.00651807
138.5	0.25332167	0.12993444	0.2078951	0.0066612
138.6	0.25332167	0.12993444	0.2078951	0.00628165
138.7	0.25332167	0.12993444	0.2078951	0.00656308
138.8	0.25332167	0.12993444	0.2078951	0.0063868
138.9	0.25332167	0.12993444	0.2078951	0.00663135
139	0.25332167	0.12993444	0.2078951	0.00627954
139.1	0.25332167	0.12993444	0.2078951	0.00653937
139.2	0.25332167	0.12993444	0.2078951	0.00666281
139.3	0.25332167	0.12993444	0.2078951	0.00671349
139.4	0.25332167	0.12993444	0.2078951	0.00634523
139.5	0.25332167	0.12993444	0.2078951	0.00656334
139.6	0.25332167	0.12993444	0.2078951	0.00661492
139.7	0.25332167	0.12993444	0.2078951	0.00656146
139.8	0.25332167	0.12993444	0.2078951	0.00663434
139.9	0.25332167	0.12993444	0.2078951	0.00663606
140	0.25332167	0.12993444	0.2078951	0.00674129
140.1	0.25332167	0.12993444	0.2078951	0.00645821
140.2	0.25332167	0.12993444	0.2078951	0.00652087
140.3	0.25332167	0.12993444	0.2078951	0.00652212
140.4	0.25332167	0.12993444	0.2078951	0.00655516
140.5	0.25332167	0.12993444	0.2078951	0.00673113
140.6	0.25332167	0.12993444	0.2078951	0.00643154
140.7	0.25332167	0.12993444	0.2078951	0.0065344
140.8	0.25332167	0.12993444	0.2078951	0.00630581
140.9	0.25332167	0.12993444	0.2078951	0.00629096
141	0.25332167	0.12993444	0.2078951	0.00663019
141.1	0.25332167	0.12993444	0.2078951	0.00669413
141.2	0.25332167	0.12993444	0.2078951	0.00674333
141.3	0.25332167	0.12993444	0.2078951	0.00626652
141.4	0.25332167	0.12993444	0.2078951	0.00641542
141.5	0.25332167	0.12993444	0.2078951	0.00650193
141.6	0.25332167	0.12993444	0.2078951	0.00648228
141.7	0.25332167	0.12993444	0.2078951	0.00646124
141.8	0.25332167	0.12993444	0.2078951	0.00663491
141.9	0.25332167	0.12993444	0.2078951	0.00641152
142	0.25332167	0.12993444	0.2078951	0.00634807
142.1	0.25332167	0.12993444	0.2078951	0.00634383
142.2	0.25332167	0.12993444	0.2078951	0.00629678
142.3	0.25332167	0.12993444	0.2078951	0.00645697
142.4	0.25332167	0.12993444	0.2078951	0.00646895
142.5	0.25332167	0.12993444	0.2078951	0.00637951
142.6	0.25332167	0.12993444	0.2078951	0.00629019
142.7	0.25332167	0.12993444	0.2078951	0.0062895
142.8	0.25332167	0.12993444	0.2078951	0.00627646
142.9	0.25332167	0.12993444	0.2078951	0.00645149
143	0.25332167	0.12993444	0.2078951	0.00666251
143.1	0.25332167	0.12993444	0.2078951	0.00648038
143.2	0.25332167	0.12993444	0.2078951	0.00669269
143.3	0.25332167	0.12993444	0.2078951	0.00666184
143.4	0.25332167	0.12993444	0.2078951	0.00661445
143.5	0.25332167	0.12993444	0.2078951	0.00646918
143.6	0.25332167	0.12993444	0.2078951	0.00627115
143.7	0.25332167	0.12993444	0.2078951	0.00673677
143.8	0.25332167	0.12993444	0.2078951	0.0064393
143.9	0.25332167	0.12993444	0.2078951	0.00650999
144	0.25332167	0.12993444	0.2078951	0.00672211
144.1	0.25332167	0.12993444	0.2078951	0.0063053
144.2	0.25332167	0.12993444	0.2078951	0.00671717
144.3	0.25332168	0.12993444	0.2078951	0.00666686
144.4	0.25332168	0.12993444	0.2078951	0.00631997
144.5	0.25332168	0.12993444	0.2078951	0.00662928
144.6	0.25332168	0.12993444	0.2078951	0.00654983
144.7	0.25332168	0.12993444	0.2078951	0.00662424
144.8	0.25332168	0.12993444	0.2078951	0.00649362
144.9	0.25332168	0.12993444	0.2078951	0.00671899
145	0.25332168	0.12993444	0.2078951	0.00653641
145.1	0.25332168	0.12993444	0.2078951	0.00659839
145.2	0.25332168	0.12993444	0.2078951	0.0065916
145.3	0.25332168	0.12993444	0.2078951	0.00670743
145.4	0.25332168	0.12993444	0.2078951	0.00644083
145.5	0.25332168	0.12993444	0.2078951	0.00659701
145.6	0.25332168	0.12993444	0.2078951	0.00653511
145.7	0.25332167	0.12993444	0.2078951	0.00666675
145.8	0.25332167	0.12993444	0.2078951	0.00631809
145.9	0.25332167	0.12993444	0.2078951	0.00634406
146	0.25332167	0.12993444	0.2078951	0.0066383
146.1	0.25332167	0.12993444	0.2078951	0.00645376
146.2	0.25332167	0.12993444	0.2078951	0.00653143
146.3	0.25332167	0.12993444	0.2078951	0.00675292
146.4	0.25332167	0.12993444	0.2078951	0.00650107
146.5	0.25332167	0.12993444	0.2078951	0.0065372
146.6	0.25332167	0.12993444	0.2078951	0.00625546
146.7	0.25332167	0.12993444	0.2078951	0.00638471
146.8	0.25332167	0.12993444	0.2078951	0.00648301
146.9	0.25332167	0.12993444	0.2078951	0.00652505
147	0.25332167	0.12993444	0.2078951	0.00633172
147.1	0.25332167	0.12993444	0.2078951	0.00673092
147.2	0.25332167	0.12993444	0.2078951	0.00649571
147.3	0.25332167	0.12993444	0.2078951	0.00662577
147.4	0.25332167	0.12993444	0.2078951	0.00656785
147.5	0.25332167	0.12993444	0.2078951	0.00649932
147.6	0.25332167	0.12993444	0.2078951	0.00662038
147.7	0.25332167	0.12993444	0.2078951	0.00646485
147.8	0.25332167	0.12993444	0.2078951	0.0064492
147.9	0.25332167	0.12993444	0.2078951	0.00624031
148	0.25332167	0.12993444	0.2078951	0.00672922
148.1	0.25332167	0.12993444	0.2078951	0.00635455
148.2	0.25332167	0.12993444	0.2078951	0.00629369
148.3	0.25332167	0.12993444	0.2078951	0.00675581
148.4	0.25332167	0.12993444	0.2078951	0.006254
148.5	0.25332167	0.12993444	0.2078951	0.00629882
148.6	0.25332167	0.12993444	0.2078951	0.00636139
148.7	0.25332167	0.12993444	0.2078951	0.00655416
148.8	0.25332167	0.12993444	0.2078951	0.00657388
148.9	0.25332167	0.12993444	0.2078951	0.00671222
149	0.25332167	0.12993444	0.2078951	0.00646092
149.1	0.25332167	0.12993444	0.2078951	0.00670528
149.2	0.25332167	0.12993444	0.2078951	0.00673633
149.3	0.25332167	0.12993444	0.2078951	0.00669944
149.4	0.25332167	0.12993444	0.2078951	0.00627801
149.5	0.25332167	0.12993444	0.2078951	0.00626986
149.6	0.25332167	0.12993444	0.2078951	0.00671624
149.7	0.25332167	0.12993444	0.2078951	0.00666569
149.8	0.25332167	0.12993444	0.2078951	0.00670613
149.9	0.25332167	0.12993444	0.2078951	0.00642762
150	0.25332167	0.12993444	0.2078951	0.00666459
150.1	0.25332167	0.12993444	0.2078951	0.00660834
150.2	0.25332167	0.12993444	0.2078951	0.00631788
150.3	0.25332167	0.12993444	0.2078951	0.00669226
150.4	0.25332167	0.12993444	0.2078951	0.00655734
150.5	0.25332167	0.12993444	0.2078951	0.00655227
150.6	0.25332167	0.12993444	0.2078951	0.00629274
150.7	0.25332167	0.12993444	0.2078951	0.00645285
150.8	0.25332167	0.12993444	0.2078951	0.00664455
150.9	0.25332167	0.12993444	0.2078951	0.00673654
151	0.25332167	0.12993444	0.2078951	0.00639555
151.1	0.25332167	0.12993444	0.2078951	0.00645145
151.2	0.25332167	0.12993444	0.2078951	0.00647537
151.3	0.25332167	0.12993444	0.2078951	0.00674701
151.4	0.25332167	0.12993444	0.2078951	0.00651947
151.5	0.25332167	0.12993444	0.2078951	0.00656305
151.6	0.25332167	0.12993444	0.2078951	0.00653848
151.7	0.25332167	0.12993444	0.2078951	0.0062786
151.8	0.25332167	0.12993444	0.2078951	0.00634742
151.9	0.25332167	0.12993444	0.2078951	0.00661916
152	0.25332167	0.12993444	0.2078951	0.00625576
152.1	0.25332167	0.12993444	0.2078951	0.00649231
152.2	0.25332167	0.12993444	0.2078951	0.0064931
152.3	0.25332167	0.12993444	0.2078951	0.00634028
152.4	0.25332167	0.12993444	0.2078951	0.00625097
152.5	0.25332167	0.12993444	0.2078951	0.00666755
152.6	0.25332167	0.12993444	0.2078951	0.00637458
152.7	0.25332167	0.12993444	0.2078951	0.00668619
152.8	0.25332167	0.12993444	0.2078951	0.00635419
152.9	0.25332167	0.12993444	0.2078951	0.00629144
153	0.25332167	0.12993444	0.2078951	0.00640826
153.1	0.25332167	0.12993444	0.2078951	0.0067215
153.2	0.25332167	0.12993444	0.2078951	0.00664081
153.3	0.25332167	0.12993444	0.2078951	0.00644289
153.4	0.25332167	0.12993444	0.2078951	0.00658092
153.5	0.25332167	0.12993444	0.2078951	0.0064568
153.6	0.25332167	0.12993444	0.2078951	0.0065707
153.7	0.25332167	0.12993444	0.2078951	0.00663781
153.8	0.25332167	0.12993444	0.2078951	0.0064499
153.9	0.25332167	0.12993444	0.2078951	0.00623837
154	0.25332167	0.12993444	0.2078951	0.00671558
154.1	0.25332167	0.12993444	0.2078951	0.00627691
154.2	0.25332167	0.12993444	0.2078951	0.0063756
154.3	0.25332167	0.12993444	0.2078951	0.00656882
154.4	0.25332167	0.12993444	0.2078951	0.00629625
154.5	0.25332167	0.12993444	0.2078951	0.00627101
154.6	0.25332167	0.12993444	0.2078951	0.00670017
154.7	0.25332167	0.12993444	0.2078951	0.00668079
154.8	0.25332167	0.12993444	0.2078951	0.00658798
154.9	0.25332167	0.12993444	0.2078951	0.00629152
155	0.25332167	0.12993444	0.2078951	0.0066791
155.1	0.25332167	0.12993444	0.2078951	0.00673584
155.2	0.25332167	0.12993444	0.2078951	0.00642196
155.3	0.25332167	0.12993444	0.2078951	0.00648369
155.4	0.25332167	0.12993444	0.2078951	0.00627416
155.5	0.25332167	0.12993444	0.2078951	0.00670006
155.6	0.25332167	0.12993444	0.2078951	0.00650131
155.7	0.25332167	0.12993444	0.2078951	0.00640434
155.8	0.25332167	0.12993444	0.2078951	0.00668156
155.9	0.25332167	0.12993444	0.2078951	0.00657979
156	0.25332167	0.12993444	0.2078951	0.00634201
156.1	0.25332167	0.12993444	0.2078951	0.0062697
156.2	0.25332167	0.12993444	0.2078951	0.00636242
156.3	0.25332167	0.12993444	0.2078951	0.0063099
156.4	0.25332167	0.12993444	0.2078951	0.00632131
156.5	0.25332167	0.12993444	0.2078951	0.00649021
156.6	0.25332167	0.12993444	0.2078951	0.00654436
156.7	0.25332167	0.12993444	0.2078951	0.00633453
156.8	0.25332167	0.12993444	0.2078951	0.00652306
156.9	0.25332167	0.12993444	0.2078951	0.00668956
157	0.25332167	0.12993444	0.2078951	0.00665741
157.1	0.25332167	0.12993444	0.2078951	0.00652553
157.2	0.25332167	0.12993444	0.2078951	0.00667291
157.3	0.25332167	0.12993444	0.2078951	0.00661746
157.4	0.25332167	0.12993444	0.2078951	0.00633263
157.5	0.25332167	0.12993444	0.2078951	0.00670748
157.6	0.25332167	0.12993444	0.2078951	0.00633069
157.7	0.25332167	0.12993444	0.2078951	0.00668179
157.8	0.25332167	0.12993444	0.2078951	0.00639592
157.9	0.25332167	0.12993444	0.2078951	0.00635728
158	0.25332167	0.12993444	0.2078951	0.00664789
158.1	0.25332167	0.12993444	0.2078951	0.00651756
158.2	0.25332167	0.12993444	0.2078951	0.006747
158.3	0.25332167	0.12993444	0.2078951	0.00631281
158.4	0.25332167	0.12993444	0.2078951	0.00636991
158.5	0.25332167	0.12993444	0.2078951	0.00633036
158.6	0.25332167	0.12993444	0.2078951	0.00627121
158.7	0.25332167	0.12993444	0.2078951	0.00662648
158.8	0.25332167	0.12993444	0.2078951	0.0066994
158.9	0.25332167	0.12993444	0.2078951	0.00628872
159	0.25332167	0.12993444	0.2078951	0.00647659
159.1	0.25332167	0.12993444	0.2078951	0.00666152
159.2	0.25332167	0.12993444	0.2078951	0.00635247
159.3	0.25332167	0.12993444	0.2078951	0.00672135
159.4	0.25332167	0.12993444	0.2078951	0.0067556
159.5	0.25332167	0.12993444	0.2078951	0.00656145
159.6	0.25332167	0.12993444	0.2078951	0.00638245
159.7	0.25332167	0.12993444	0.2078951	0.00672504
159.8	0.25332167	0.12993444	0.2078951	0.00633644
159.9	0.25332167	0.12993444	0.2078951	0.00663915
160	0.25332167	0.12993444	0.2078951	0.00659992
160.1	0.25332167	0.12993444	0.2078951	0.00643954
160.2	0.25332167	0.12993444	0.2078951	0.00671641
160.3	0.25332167	0.12993444	0.2078951	0.00636206
160.4	0.25332167	0.12993444	0.2078951	0.0066577
160.5	0.25332167	0.12993444	0.2078951	0.00660261
160.6	0.25332167	0.12993444	0.2078951	0.00650913
160.7	0.25332167	0.12993444	0.2078951	0.00658739
160.8	0.25332167	0.12993444	0.2078951	0.0066575
160.9	0.25332167	0.12993444	0.2078951	0.00643504
161	0.25332167	0.12993444	0.2078951	0.00624868
161.1	0.25332167	0.12993444	0.2078951	0.00629984
161.2	0.25332167	0.12993444	0.2078951	0.00663489
161.3	0.25332167	0.12993444	0.2078951	0.0064006
161.4	0.25332167	0.12993444	0.2078951	0.00642208
161.5	0.25332167	0.12993444	0.2078951	0.00635141
161.6	0.25332167	0.12993444	0.2078951	0.00673136
161.7	0.25332167	0.12993444	0.2078951	0.00623847
161.8	0.25332167	0.12993444	0.2078951	0.00666037
161.9	0.25332167	0.12993444	0.2078951	0.00627449
162	0.25332167	0.12993444	0.2078951	0.0064028
162.1	0.25332167	0.12993444	0.2078951	0.00652921
162.2	0.25332167	0.12993444	0.2078951	0.0066653
162.3	0.25332167	0.12993444	0.2078951	0.00648045
162.4	0.25332167	0.12993444	0.2078951	0.00637607
162.5	0.25332167	0.12993444	0.2078951	0.00672204
162.6	0.25332167	0.12993444	0.2078951	0.00625887
162.7	0.25332167	0.12993444	0.2078951	0.0065143
162.8	0.25332167	0.12993444	0.2078951	0.0067442
162.9	0.25332167	0.12993444	0.2078951	0.00658094
163	0.25332167	0.12993444	0.2078951	0.00674242
163.1	0.25332167	0.12993444	0.2078951	0.00639992
163.2	0.25332167	0.12993444	0.2078951	0.00648662
163.3	0.25332167	0.12993444	0.2078951	0.00660124
163.4	0.25332167	0.12993444	0.2078951	0.0066221
163.5	0.25332167	0.12993444	0.2078951	0.00624086
163.6	0.25332167	0.12993444	0.2078951	0.00672211
163.7	0.25332167	0.12993444	0.2078951	0.00652091
163.8	0.25332167	0.12993444	0.2078951	0.006268
163.9	0.25332167	0.12993444	0.2078951	0.00632444
164	0.25332167	0.12993444	0.2078951	0.00637307
164.1	0.25332167	0.12993444	0.2078951	0.00650044
164.2	0.25332167	0.12993444	0.2078951	0.00675305
164.3	0.25332167	0.12993444	0.2078951	0.00671131
164.4	0.25332167	0.12993444	0.2078951	0.00668778
164.5	0.25332167	0.12993444	0.2078951	0.00662464
164.6	0.25332167	0.12993444	0.2078951	0.00668243
164.7	0.25332167	0.12993444	0.2078951	0.00629509
164.8	0.25332167	0.12993444	0.2078951	0.00627707
164.9	0.25332167	0.12993444	0.2078951	0.00666154
165	0.25332167	0.12993444	0.2078951	0.00629558
165.1	0.25332167	0.12993444	0.2078951	0.0064087
165.2	0.25332167	0.12993444	0.2078951	0.00670193
165.3	0.25332167	0.12993444	0.2078951	0.00668461
165.4	0.25332167	0.12993444	0.2078951	0.00635205
165.5	0.25332167	0.12993444	0.2078951	0.00664651
165.6	0.25332167	0.12993444	0.2078951	0.00663335
165.7	0.25332167	0.12993444	0.2078951	0.00627356
165.8	0.25332167	0.12993444	0.2078951	0.00668084
165.9	0.25332167	0.12993444	0.2078951	0.00651276
166	0.25332167	0.12993444	0.2078951	0.0067006
166.1	0.25332167	0.12993444	0.2078951	0.00652338
166.2	0.25332167	0.12993444	0.2078951	0.00640185
166.3	0.25332167	0.12993444	0.2078951	0.00648483
166.4	0.25332167	0.12993444	0.2078951	0.00633759
166.5	0.25332167	0.12993444	0.2078951	0.00658942
166.6	0.25332167	0.12993444	0.2078951	0.00639418
166.7	0.25332167	0.12993444	0.2078951	0.00630829
166.8	0.25332167	0.12993444	0.2078951	0.00637067
166.9	0.25332167	0.12993444	0.2078951	0.00669343
167	0.25332167	0.12993444	0.2078951	0.0065555
167.1	0.25332167	0.12993444	0.2078951	0.00634134
167.2	0.25332167	0.12993444	0.2078951	0.00633125
167.3	0.25332167	0.12993444	0.2078951	0.00632397
167.4	0.25332167	0.12993444	0.2078951	0.0063584
167.5	0.25332167	0.12993444	0.2078951	0.0064203
167.6	0.25332167	0.12993444	0.2078951	0.00669039
167.7	0.25332167	0.12993444	0.2078951	0.00670412
167.8	0.25332167	0.12993444	0.2078951	0.00671393
167.9	0.25332167	0.12993444	0.2078951	0.0065761
168	0.25332167	0.12993444	0.2078951	0.00664494
168.1	0.25332167	0.12993444	0.2078951	0.00670111
168.2	0.25332167	0.12993444	0.2078951	0.00644257
168.3	0.25332167	0.12993444	0.2078951	0.00639778
168.4	0.25332167	0.12993444	0.2078951	0.0066018
168.5	0.25332167	0.12993444	0.2078951	0.00644136
168.6	0.25332167	0.12993444	0.2078951	0.00673598
168.7	0.25332167	0.12993444	0.2078951	0.00655059
168.8	0.25332167	0.12993444	0.2078951	0.00639312
168.9	0.25332167	0.12993444	0.2078951	0.00647493
169	0.25332167	0.12993444	0.2078951	0.00660232
169.1	0.25332167	0.12993444	0.2078951	0.00640143
169.2	0.25332167	0.12993444	0.2078951	0.00663747
169.3	0.25332167	0.12993444	0.2078951	0.00642307
169.4	0.25332167	0.12993444	0.2078951	0.006655
169.5	0.25332167	0.12993444	0.2078951	0.00642816
169.6	0.25332167	0.12993444	0.2078951	0.00668632
169.7	0.25332167	0.12993444	0.2078951	0.00640971
169.8	0.25332167	0.12993444	0.2078951	0.00626271
169.9	0.25332167	0.12993444	0.2078951	0.00671121
170	0.25332167	0.12993444	0.2078951	0.00636264
170.1	0.25332167	0.12993444	0.2078951	0.00655004
170.2	0.25332167	0.12993444	0.2078951	0.00653561
170.3	0.25332167	0.12993444	0.2078951	0.00671452
170.4	0.25332167	0.12993444	0.2078951	0.00654134
170.5	0.25332167	0.12993444	0.2078951	0.00660122
170.6	0.25332167	0.12993444	0.2078951	0.00669626
170.7	0.25332167	0.12993444	0.2078951	0.00642713
170.8	0.25332167	0.12993444	0.2078951	0.00657928
170.9	0.25332167	0.12993444	0.2078951	0.00657246
171	0.25332167	0.12993444	0.2078951	0.00656643
171.1	0.25332167	0.12993444	0.2078951	0.00670036
171.2	0.25332167	0.12993444	0.2078951	0.00632162
171.3	0.25332167	0.12993444	0.2078951	0.00659307
171.4	0.25332167	0.12993444	0.2078951	0.00663364
171.5	0.25332167	0.12993444	0.2078951	0.00628162
171.6	0.25332167	0.12993444	0.2078951	0.0066857
171.7	0.25332167	0.12993444	0.2078951	0.00632564
171.8	0.25332167	0.12993444	0.2078951	0.00637184
171.9	0.25332167	0.12993444	0.2078951	0.00667056
172	0.25332167	0.12993444	0.2078951	0.00675269
172.1	0.25332167	0.12993444	0.2078951	0.00646756
172.2	0.25332167	0.12993444	0.2078951	0.00625713
172.3	0.25332167	0.12993444	0.2078951	0.00640691
172.4	0.25332167	0.12993444	0.2078951	0.00640758
172.5	0.25332167	0.12993444	0.2078951	0.00664397
172.6	0.25332167	0.12993444	0.2078951	0.00638886
172.7	0.25332167	0.12993444	0.2078951	0.00648697
172.8	0.25332167	0.12993444	0.2078951	0.00634958
172.9	0.25332167	0.12993444	0.2078951	0.00658855
173	0.25332167	0.12993444	0.2078951	0.00652231
173.1	0.25332167	0.12993444	0.2078951	0.00627607
173.2	0.25332167	0.12993444	0.2078951	0.0066874
173.3	0.25332167	0.12993444	0.2078951	0.00635123
173.4	0.25332167	0.12993444	0.2078951	0.0067009
173.5	0.25332167	0.12993444	0.2078951	0.00632676
173.6	0.25332167	0.12993444	0.2078951	0.00665973
173.7	0.25332167	0.12993444	0.2078951	0.00659049
173.8	0.25332167	0.12993444	0.2078951	0.00651104
173.9	0.25332167	0.12993444	0.2078951	0.00675133
174	0.25332167	0.12993444	0.2078951	0.00673253
174.1	0.25332167	0.12993444	0.2078951	0.0062771
174.2	0.25332167	0.12993444	0.2078951	0.00655294
174.3	0.25332167	0.12993444	0.2078951	0.00633562
174.4	0.25332167	0.12993444	0.2078951	0.00643189
174.5	0.25332167	0.12993444	0.2078951	0.00674651
174.6	0.25332167	0.12993444	0.2078951	0.00646376
174.7	0.25332167	0.12993444	0.2078951	0.00628937
174.8	0.25332167	0.12993444	0.2078951	0.00670822
174.9	0.25332167	0.12993444	0.2078951	0.0064658
175	0.25332167	0.12993444	0.2078951	0.00673735
175.1	0.25332167	0.12993444	0.2078951	0.00632172
175.2	0.25332167	0.12993444	0.2078951	0.00651979
175.3	0.25332167	0.12993444	0.2078951	0.00664407
175.4	0.25332167	0.12993444	0.2078951	0.00643284
175.5	0.25332167	0.12993444	0.2078951	0.00673091
175.6	0.25332167	0.12993444	0.2078951	0.00630326
175.7	0.25332167	0.12993444	0.2078951	0.0066907
175.8	0.25332167	0.12993444	0.2078951	0.00656994
175.9	0.25332167	0.12993444	0.2078951	0.00669326
176	0.25332167	0.12993444	0.2078951	0.00658711
176.1	0.25332167	0.12993444	0.2078951	0.00629737
176.2	0.25332167	0.12993444	0.2078951	0.0066083
176.3	0.25332167	0.12993444	0.2078951	0.00662006
176.4	0.25332167	0.12993444	0.2078951	0.00653993
176.5	0.25332167	0.12993444	0.2078951	0.00625141
176.6	0.25332167	0.12993444	0.2078951	0.006253
176.7	0.25332167	0.12993444	0.2078951	0.00670944
176.8	0.25332167	0.12993444	0.2078951	0.00661551
176.9	0.25332167	0.12993444	0.2078951	0.00654283
177	0.25332167	0.12993444	0.2078951	0.00669195
177.1	0.25332167	0.12993444	0.2078951	0.00650259
177.2	0.25332167	0.12993444	0.2078951	0.00648739
177.3	0.25332167	0.12993444	0.2078951	0.00661996
177.4	0.25332167	0.12993444	0.2078951	0.00674282
177.5	0.25332167	0.12993444	0.2078951	0.00658704
177.6	0.25332167	0.12993444	0.2078951	0.00664005
177.7	0.25332167	0.12993444	0.2078951	0.006268
177.8	0.25332167	0.12993444	0.2078951	0.00655842
177.9	0.25332167	0.12993444	0.2078951	0.00627764
178	0.25332167	0.12993444	0.2078951	0.00639212
178.1	0.25332167	0.12993444	0.2078951	0.00647755
178.2	0.25332167	0.12993444	0.2078951	0.00656124
178.3	0.25332167	0.12993444	0.2078951	0.0064974
178.4	0.25332167	0.12993444	0.2078951	0.00667931
178.5	0.25332167	0.12993444	0.2078951	0.00643858
178.6	0.25332167	0.12993444	0.2078951	0.00644569
178.7	0.25332167	0.12993444	0.2078951	0.00647131
178.8	0.25332167	0.12993444	0.2078951	0.00661956
178.9	0.25332167	0.12993444	0.2078951	0.00656959
179	0.25332167	0.12993444	0.2078951	0.00632656
179.1	0.25332167	0.12993444	0.2078951	0.00670088
179.2	0.25332167	0.12993444	0.2078951	0.00636309
179.3	0.25332167	0.12993444	0.2078951	0.00662085
179.4	0.25332167	0.12993444	0.2078951	0.00654472
179.5	0.25332167	0.12993444	0.2078951	0.00666741
179.6	0.25332167	0.12993444	0.2078951	0.00655434
179.7	0.25332167	0.12993444	0.2078951	0.00672076
179.8	0.25332167	0.12993444	0.2078951	0.00643624
179.9	0.25332167	0.12993444	0.2078951	0.0064183
180	0.25332167	0.12993444	0.2078951	0.00650865
180.1	0.25332167	0.12993444	0.2078951	0.00624355
180.2	0.25332167	0.12993444	0.2078951	0.00635987
180.3	0.25332167	0.12993444	0.2078951	0.00632281
180.4	0.25332167	0.12993444	0.2078951	0.00630889
180.5	0.25332167	0.12993444	0.2078951	0.00671863
180.6	0.25332167	0.12993444	0.2078951	0.00628055
180.7	0.25332167	0.12993444	0.2078951	0.00632426
180.8	0.25332167	0.12993444	0.2078951	0.00643195
180.9	0.25332167	0.12993444	0.2078951	0.00662771
181	0.25332167	0.12993444	0.2078951	0.00667312
181.1	0.25332167	0.12993444	0.2078951	0.00650927
181.2	0.25332167	0.12993444	0.2078951	0.00673882
181.3	0.25332167	0.12993444	0.2078951	0.00652763
181.4	0.25332167	0.12993444	0.2078951	0.00661646
181.5	0.25332167	0.12993444	0.2078951	0.00639011
181.6	0.25332167	0.12993444	0.2078951	0.00631757
181.7	0.25332167	0.12993444	0.2078951	0.00633556
181.8	0.25332167	0.12993444	0.2078951	0.00634641
181.9	0.25332167	0.12993444	0.2078951	0.00645386
182	0.25332167	0.12993444	0.2078951	0.0065053
182.1	0.25332167	0.12993444	0.2078951	0.00653857
182.2	0.25332167	0.12993444	0.2078951	0.00669366
182.3	0.25332167	0.12993444	0.2078951	0.00627775
182.4	0.25332167	0.12993444	0.2078951	0.00656939
182.5	0.25332167	0.12993444	0.2078951	0.00659653
182.6	0.25332167	0.12993444	0.2078951	0.00659849
182.7	0.25332167	0.12993444	0.2078951	0.00674014
182.8	0.25332167	0.12993444	0.2078951	0.00668742
182.9	0.25332167	0.12993444	0.2078951	0.00654016
183	0.25332167	0.12993444	0.2078951	0.00663726
183.1	0.25332167	0.12993444	0.2078951	0.00643806
183.2	0.25332167	0.12993444	0.2078951	0.006347
183.3	0.25332167	0.12993444	0.2078951	0.00655144
183.4	0.25332167	0.12993444	0.2078951	0.00657525
183.5	0.25332167	0.12993444	0.2078951	0.00629435
183.6	0.25332167	0.12993444	0.2078951	0.00631801
183.7	0.25332167	0.12993444	0.2078951	0.00636401
183.8	0.25332167	0.12993444	0.2078951	0.00634864
183.9	0.25332167	0.12993444	0.2078951	0.00667464
184	0.25332167	0.12993444	0.2078951	0.00647629
184.1	0.25332167	0.12993444	0.2078951	0.0063619
184.2	0.25332167	0.12993444	0.2078951	0.00643113
184.3	0.25332167	0.12993444	0.2078951	0.00655826
184.4	0.25332167	0.12993444	0.2078951	0.00642406
184.5	0.25332167	0.12993444	0.2078951	0.00649406
184.6	0.25332167	0.12993444	0.2078951	0.00646283
184.7	0.25332167	0.12993444	0.2078951	0.00626389
184.8	0.25332167	0.12993444	0.2078951	0.0066867
184.9	0.25332167	0.12993444	0.2078951	0.00659128
185	0.25332167	0.12993444	0.2078951	0.00624167
185.1	0.25332167	0.12993444	0.2078951	0.00665148
185.2	0.25332167	0.12993444	0.2078951	0.0064476
185.3	0.25332167	0.12993444	0.2078951	0.006323
185.4	0.25332167	0.12993444	0.2078951	0.00665123
185.5	0.25332167	0.12993444	0.2078951	0.00647192
185.6	0.25332167	0.12993444	0.2078951	0.00642803
185.7	0.25332167	0.12993444	0.2078951	0.00673413
185.8	0.25332167	0.12993444	0.2078951	0.00661082
185.9	0.25332167	0.12993444	0.2078951	0.00638107
186	0.25332167	0.12993444	0.2078951	0.00664054
186.1	0.25332167	0.12993444	0.2078951	0.00624971
186.2	0.25332167	0.12993444	0.2078951	0.00642337
186.3	0.25332167	0.12993444	0.2078951	0.00630799
186.4	0.25332167	0.12993444	0.2078951	0.00665391
186.5	0.25332167	0.12993444	0.2078951	0.00647296
186.6	0.25332167	0.12993444	0.2078951	0.00667095
186.7	0.25332167	0.12993444	0.2078951	0.00632021
186.8	0.25332167	0.12993444	0.2078951	0.00675374
186.9	0.25332167	0.12993444	0.2078951	0.00628756
187	0.25332167	0.12993444	0.2078951	0.00630873
187.1	0.25332167	0.12993444	0.2078951	0.00646502
187.2	0.25332167	0.12993444	0.2078951	0.00675142
187.3	0.25332167	0.12993444	0.2078951	0.00665679
187.4	0.25332167	0.12993444	0.2078951	0.00650355
187.5	0.25332167	0.12993444	0.2078951	0.00670911
187.6	0.25332167	0.12993444	0.2078951	0.00665536
187.7	0.25332167	0.12993444	0.2078951	0.00639527
187.8	0.25332167	0.12993444	0.2078951	0.00639543
187.9	0.25332167	0.12993444	0.2078951	0.006669
188	0.25332167	0.12993444	0.2078951	0.00650738
188.1	0.25332167	0.12993444	0.2078951	0.00659104
188.2	0.25332167	0.12993444	0.2078951	0.0065761
188.3	0.25332167	0.12993444	0.2078951	0.00637132
188.4	0.25332167	0.12993444	0.2078951	0.00667024
188.5	0.25332167	0.12993444	0.2078951	0.00669263
188.6	0.25332167	0.12993444	0.2078951	0.00636872
188.7	0.25332167	0.12993444	0.2078951	0.00638862
188.8	0.25332167	0.12993444	0.2078951	0.00672759
188.9	0.25332167	0.12993444	0.2078951	0.00672446
189	0.25332167	0.12993444	0.2078951	0.00632335
189.1	0.25332167	0.12993444	0.2078951	0.0064557
189.2	0.25332167	0.12993444	0.2078951	0.00623764
189.3	0.25332167	0.12993444	0.2078951	0.00647677
189.4	0.25332167	0.12993444	0.2078951	0.00648307
189.5	0.25332167	0.12993444	0.2078951	0.00627812
189.6	0.25332167	0.12993444	0.2078951	0.00664052
189.7	0.25332167	0.12993444	0.2078951	0.00624464
189.8	0.25332167	0.12993444	0.2078951	0.00674882
189.9	0.25332167	0.12993444	0.2078951	0.00636252
190	0.25332167	0.12993444	0.2078951	0.0065993
190.1	0.25332167	0.12993444	0.2078951	0.0064069
190.2	0.25332167	0.12993444	0.2078951	0.00643734
190.3	0.25332167	0.12993444	0.2078951	0.00661727
190.4	0.25332167	0.12993444	0.2078951	0.00643546
190.5	0.25332167	0.12993444	0.2078951	0.00667827
190.6	0.25332167	0.12993444	0.2078951	0.00670394
190.7	0.25332167	0.12993444	0.2078951	0.00632879
190.8	0.25332167	0.12993444	0.2078951	0.00659894
190.9	0.25332167	0.12993444	0.2078951	0.00647645
191	0.25332167	0.12993444	0.2078951	0.00674423
191.1	0.25332167	0.12993444	0.2078951	0.00672032
191.2	0.25332167	0.12993444	0.2078951	0.00637676
191.3	0.25332167	0.12993444	0.2078951	0.00675011
191.4	0.25332167	0.12993444	0.2078951	0.00666236
191.5	0.25332167	0.12993444	0.2078951	0.00629184
191.6	0.25332167	0.12993444	0.2078951	0.00638827
191.7	0.25332167	0.12993444	0.2078951	0.00675141
191.8	0.25332167	0.12993444	0.2078951	0.0062954
191.9	0.25332167	0.12993444	0.2078951	0.00655387
192	0.25332167	0.12993444	0.2078951	0.00646498
192.1	0.25332167	0.12993444	0.2078951	0.00642144
192.2	0.25332167	0.12993444	0.2078951	0.00654334
192.3	0.25332167	0.12993444	0.2078951	0.00656357
192.4	0.25332167	0.12993444	0.2078951	0.00668224
192.5	0.25332167	0.12993444	0.2078951	0.00669879
192.6	0.25332167	0.12993444	0.2078951	0.00673687
192.7	0.25332167	0.12993444	0.2078951	0.00666856
192.8	0.25332167	0.12993444	0.2078951	0.00656006
192.9	0.25332167	0.12993444	0.2078951	0.00641616
193	0.25332167	0.12993444	0.2078951	0.00669692
193.1	0.25332167	0.12993444	0.2078951	0.00651058
193.2	0.25332167	0.12993444	0.2078951	0.00673431
193.3	0.25332167	0.12993444	0.2078951	0.00656175
193.4	0.25332167	0.12993444	0.2078951	0.00642198
193.5	0.25332167	0.12993444	0.2078951	0.00674685
193.6	0.25332167	0.12993444	0.2078951	0.00638231
193.7	0.25332167	0.12993444	0.2078951	0.00635154
193.8	0.25332167	0.12993444	0.2078951	0.0067237
193.9	0.25332167	0.12993444	0.2078951	0.00630386
194	0.25332167	0.12993444	0.2078951	0.00636276
194.1	0.25332167	0.12993444	0.2078951	0.0063901
194.2	0.25332167	0.12993444	0.2078951	0.0063315
194.3	0.25332167	0.12993444	0.2078951	0.00675331
194.4	0.25332167	0.12993444	0.2078951	0.00654599
194.5	0.25332167	0.12993444	0.2078951	0.0062552
194.6	0.25332167	0.12993444	0.2078951	0.00661935
194.7	0.25332167	0.12993444	0.2078951	0.00670045
194.8	0.25332167	0.12993444	0.2078951	0.00656766
194.9	0.25332167	0.12993444	0.2078951	0.00662765
195	0.25332167	0.12993444	0.2078951	0.0064976
195.1	0.25332167	0.12993444	0.2078951	0.00657322
195.2	0.25332167	0.12993444	0.2078951	0.00658525
195.3	0.25332167	0.12993444	0.2078951	0.00659055
195.4	0.25332167	0.12993444	0.2078951	0.00669452
195.5	0.25332167	0.12993444	0.2078951	0.00656421
195.6	0.25332167	0.12993444	0.2078951	0.00635615
195.7	0.25332167	0.12993444	0.2078951	0.00642413
195.8	0.25332167	0.12993444	0.2078951	0.00673803
195.9	0.25332167	0.12993444	0.2078951	0.00646747
196	0.25332167	0.12993444	0.2078951	0.00664055
196.1	0.25332167	0.12993444	0.2078951	0.0064308
196.2	0.25332167	0.12993444	0.2078951	0.00652383
196.3	0.25332167	0.12993444	0.2078951	0.00675459
196.4	0.25332167	0.12993444	0.2078951	0.00660605
196.5	0.25332167	0.12993444	0.2078951	0.00639402
196.6	0.25332167	0.12993444	0.2078951	0.00666771
196.7	0.25332167	0.12993444	0.2078951	0.00643938
196.8	0.25332167	0.12993444	0.2078951	0.00646841
196.9	0.25332167	0.12993444	0.2078951	0.00672863
197	0.25332167	0.12993444	0.2078951	0.00662596
197.1	0.25332167	0.12993444	0.2078951	0.00647238
197.2	0.25332167	0.12993444	0.2078951	0.00669206
197.3	0.25332167	0.12993444	0.2078951	0.00649218
197.4	0.25332167	0.12993444	0.2078951	0.00668224
197.5	0.25332167	0.12993444	0.2078951	0.00673635
197.6	0.25332167	0.12993444	0.2078951	0.00651866
197.7	0.25332167	0.12993444	0.2078951	0.00672181
197.8	0.25332167	0.12993444	0.2078951	0.00632993
197.9	0.25332167	0.12993444	0.2078951	0.00624032
198	0.25332167	0.12993444	0.2078951	0.00631373
198.1	0.25332167	0.12993444	0.2078951	0.00624065
198.2	0.25332167	0.12993444	0.2078951	0.0065562
198.3	0.25332167	0.12993444	0.2078951	0.00629223
198.4	0.25332167	0.12993444	0.2078951	0.00664668
198.5	0.25332167	0.12993444	0.2078951	0.00657506
198.6	0.25332167	0.12993444	0.2078951	0.00671246
198.7	0.25332167	0.12993444	0.2078951	0.0063638
198.8	0.25332167	0.12993444	0.2078951	0.006434
198.9	0.25332167	0.12993444	0.2078951	0.00652971
199	0.25332167	0.12993444	0.2078951	0.00625628
199.1	0.25332167	0.12993444	0.2078951	0.00637856
199.2	0.25332167	0.12993444	0.2078951	0.00638916
199.3	0.25332167	0.12993444	0.2078951	0.00672125
199.4	0.25332167	0.12993444	0.2078951	0.00639271
199.5	0.25332167	0.12993444	0.2078951	0.00659672
199.6	0.25332167	0.12993444	0.2078951	0.00651871
199.7	0.25332167	0.12993444	0.2078951	0.00668572
199.8	0.25332167	0.12993444	0.2078951	0.00644344
199.9	0.25332167	0.12993444	0.2078951	0.00626967
200	0.25332167	0.12993444	0.2078951	0.00633015
